epoch	loss	v_loss	|	v_ma_f1	v_mi_f1	v_pre	v_rec	|	t_ma_f1	t_mi_f1	t_pre	t_rec
0	1.3243	1.1658	|	0.4451	0.5256	0.5256	0.5256	|	0.2528	0.3094	0.3094	0.3094	|  Best result at epoch 0
1	1.2100	1.3085	|	0.3239	0.3696	0.3696	0.3696	|	0.2544	0.3088	0.3088	0.3088	|  Best result at epoch 0
2	1.2045	1.4151	|	0.3792	0.4476	0.4476	0.4476	|	0.2528	0.3094	0.3094	0.3094	|  Best result at epoch 0
3	1.2452	1.4709	|	0.5580	0.6084	0.6084	0.6084	|	0.3397	0.3746	0.3746	0.3746	|  Best result at epoch 3
4	1.2701	1.5023	|	0.1233	0.2160	0.2160	0.2160	|	0.2390	0.2688	0.2688	0.2688	|  Best result at epoch 3
5	1.2551	1.8580	|	0.1208	0.2000	0.2000	0.2000	|	0.1344	0.1838	0.1838	0.1838	|  Best result at epoch 3
6	1.2197	1.4250	|	0.3737	0.4076	0.4076	0.4076	|	0.2846	0.3072	0.3072	0.3072	|  Best result at epoch 3
7	1.2186	1.5607	|	0.3737	0.4076	0.4076	0.4076	|	0.2711	0.3072	0.3072	0.3072	|  Best result at epoch 3
8	1.2097	1.5692	|	0.4315	0.5536	0.5536	0.5536	|	0.2787	0.3888	0.3888	0.3888	|  Best result at epoch 3
9	1.2071	1.4307	|	0.3204	0.3696	0.3696	0.3696	|	0.1877	0.3088	0.3088	0.3088	|  Best result at epoch 3
10	1.2049	1.5526	|	0.3146	0.3696	0.3696	0.3696	|	0.2528	0.3094	0.3094	0.3094	|  Best result at epoch 3
11	1.1913	1.4936	|	0.6343	0.6842	0.6842	0.6842	|	0.3391	0.3894	0.3894	0.3894	|  Best result at epoch 11
12	1.2074	1.6528	|	0.5630	0.6084	0.6084	0.6084	|	0.3397	0.3746	0.3746	0.3746	|  Best result at epoch 11
13	1.1907	1.5976	|	0.5366	0.5628	0.5628	0.5628	|	0.2922	0.3136	0.3136	0.3136	|  Best result at epoch 11
14	1.1996	1.5535	|	0.4301	0.4472	0.4472	0.4472	|	0.3284	0.3356	0.3356	0.3356	|  Best result at epoch 11
15	1.1936	1.5194	|	0.4305	0.5536	0.5536	0.5536	|	0.3281	0.3824	0.3824	0.3824	|  Best result at epoch 11
16	1.1930	1.3861	|	0.3380	0.3858	0.3858	0.3858	|	0.2711	0.3072	0.3072	0.3072	|  Best result at epoch 11
17	1.1900	1.6253	|	0.5436	0.6012	0.6012	0.6012	|	0.2706	0.3072	0.3072	0.3072	|  Best result at epoch 11
18	1.1778	1.3646	|	0.3983	0.4254	0.4254	0.4254	|	0.2794	0.3066	0.3066	0.3066	|  Best result at epoch 11
19	1.1872	1.3614	|	0.3944	0.4254	0.4254	0.4254	|	0.2794	0.3066	0.3066	0.3066	|  Best result at epoch 11
20	1.1868	1.4594	|	0.3107	0.3696	0.3696	0.3696	|	0.2544	0.3088	0.3088	0.3088	|  Best result at epoch 11
21	1.1989	1.5252	|	0.4451	0.5256	0.5256	0.5256	|	0.2409	0.3088	0.3088	0.3088	|  Best result at epoch 11
22	1.1900	1.5703	|	0.4218	0.4510	0.4510	0.4510	|	0.2608	0.2972	0.2972	0.2972	|  Best result at epoch 11
23	1.2008	1.4458	|	0.6343	0.6842	0.6842	0.6842	|	0.3385	0.3890	0.3890	0.3890	|  Best result at epoch 11
24	1.1885	2.0676	|	0.1950	0.3256	0.3256	0.3256	|	0.0528	0.1094	0.1094	0.1094	|  Best result at epoch 11
25	1.1862	1.5612	|	0.3803	0.4476	0.4476	0.4476	|	0.2241	0.2688	0.2688	0.2688	|  Best result at epoch 11
26	1.1912	1.4954	|	0.5707	0.6066	0.6066	0.6066	|	0.3170	0.3330	0.3330	0.3330	|  Best result at epoch 11
27	1.1889	1.5260	|	0.3826	0.4476	0.4476	0.4476	|	0.1877	0.3088	0.3088	0.3088	|  Best result at epoch 11
28	1.1904	1.5784	|	0.3239	0.3696	0.3696	0.3696	|	0.2544	0.3088	0.3088	0.3088	|  Best result at epoch 11
29	1.1910	1.5501	|	0.4667	0.5034	0.5034	0.5034	|	0.2608	0.2972	0.2972	0.2972	|  Best result at epoch 11
30	1.1781	1.4989	|	0.3792	0.4476	0.4476	0.4476	|	0.2409	0.3088	0.3088	0.3088	|  Best result at epoch 11
31	1.1922	1.5342	|	0.4779	0.5418	0.5418	0.5418	|	0.2178	0.3072	0.3072	0.3072	|  Best result at epoch 11
32	1.1903	1.5653	|	0.3601	0.4072	0.4072	0.4072	|	0.2841	0.3072	0.3072	0.3072	|  Best result at epoch 11
33	1.1859	1.5349	|	0.3792	0.4476	0.4476	0.4476	|	0.2528	0.3094	0.3094	0.3094	|  Best result at epoch 11
34	1.1844	1.5011	|	0.4909	0.5290	0.5290	0.5290	|	0.2608	0.2972	0.2972	0.2972	|  Best result at epoch 11
35	1.1867	1.6015	|	0.4363	0.5536	0.5536	0.5536	|	0.2755	0.3828	0.3828	0.3828	|  Best result at epoch 11
36	1.1853	1.5492	|	0.4447	0.5256	0.5256	0.5256	|	0.1928	0.3094	0.3094	0.3094	|  Best result at epoch 11
37	1.1911	1.5269	|	0.5567	0.6316	0.6316	0.6316	|	0.3335	0.3832	0.3832	0.3832	|  Best result at epoch 11
38	1.1885	1.5618	|	0.3792	0.4476	0.4476	0.4476	|	0.2409	0.3088	0.3088	0.3088	|  Best result at epoch 11
39	1.1749	1.6581	|	0.2825	0.3544	0.3544	0.3544	|	0.1541	0.2426	0.2426	0.2426	|  Best result at epoch 11
40	1.1810	1.6129	|	0.3586	0.4076	0.4076	0.4076	|	0.2711	0.3072	0.3072	0.3072	|  Best result at epoch 11
41	1.1815	1.5729	|	0.3635	0.4072	0.4072	0.4072	|	0.2250	0.3146	0.3146	0.3146	|  Best result at epoch 11
42	1.1826	1.5917	|	0.3396	0.3858	0.3858	0.3858	|	0.2620	0.2978	0.2978	0.2978	|  Best result at epoch 11
43	1.1678	1.5812	|	0.4256	0.4510	0.4510	0.4510	|	0.2608	0.2972	0.2972	0.2972	|  Best result at epoch 11
44	1.1745	1.5454	|	0.4186	0.4510	0.4510	0.4510	|	0.2608	0.2972	0.2972	0.2972	|  Best result at epoch 11
45	1.1689	1.5909	|	0.4127	0.4506	0.4506	0.4506	|	0.2217	0.2568	0.2568	0.2568	|  Best result at epoch 11
46	1.1631	1.6247	|	0.3359	0.3858	0.3858	0.3858	|	0.2620	0.2978	0.2978	0.2978	|  Best result at epoch 11
47	1.1657	1.6255	|	0.4023	0.5190	0.5190	0.5190	|	0.1574	0.2566	0.2566	0.2566	|  Best result at epoch 11
48	1.1577	1.7111	|	0.2724	0.3540	0.3540	0.3540	|	0.1432	0.2416	0.2416	0.2416	|  Best result at epoch 11
49	1.1519	1.6359	|	0.2831	0.3544	0.3544	0.3544	|	0.1331	0.2032	0.2032	0.2032	|  Best result at epoch 11
50	1.1599	1.6674	|	0.3957	0.5076	0.5076	0.5076	|	0.1528	0.2514	0.2514	0.2514	|  Best result at epoch 11
51	1.1565	1.6909	|	0.3782	0.4354	0.4354	0.4354	|	0.1390	0.2284	0.2284	0.2284	|  Best result at epoch 11
52	1.1643	1.6680	|	0.2500	0.3536	0.3536	0.3536	|	0.1303	0.2400	0.2400	0.2400	|  Best result at epoch 11
53	1.1568	1.6941	|	0.2775	0.3540	0.3540	0.3540	|	0.1209	0.2400	0.2400	0.2400	|  Best result at epoch 11
54	1.1477	1.6260	|	0.2500	0.3536	0.3536	0.3536	|	0.1364	0.2400	0.2400	0.2400	|  Best result at epoch 11
55	1.1604	1.6716	|	0.2990	0.3702	0.3702	0.3702	|	0.1449	0.2306	0.2306	0.2306	|  Best result at epoch 11
56	1.1681	1.6706	|	0.2724	0.3540	0.3540	0.3540	|	0.1437	0.2416	0.2416	0.2416	|  Best result at epoch 11
57	1.1655	1.6994	|	0.3649	0.4102	0.4102	0.4102	|	0.1609	0.2312	0.2312	0.2312	|  Best result at epoch 11
58	1.1554	1.6912	|	0.2724	0.3540	0.3540	0.3540	|	0.1421	0.2404	0.2404	0.2404	|  Best result at epoch 11
59	1.1619	1.7192	|	0.2805	0.3702	0.3702	0.3702	|	0.0985	0.2000	0.2000	0.2000	|  Best result at epoch 11
60	1.1539	1.6563	|	0.3552	0.3976	0.3976	0.3976	|	0.1887	0.2280	0.2280	0.2280	|  Best result at epoch 11
61	1.1669	1.6157	|	0.3579	0.4072	0.4072	0.4072	|	0.2267	0.2664	0.2664	0.2664	|  Best result at epoch 11
62	1.1628	1.7278	|	0.2543	0.3540	0.3540	0.3540	|	0.1097	0.2000	0.2000	0.2000	|  Best result at epoch 11
63	1.1580	1.7042	|	0.2724	0.3540	0.3540	0.3540	|	0.1423	0.2400	0.2400	0.2400	|  Best result at epoch 11
64	1.1600	1.6175	|	0.3582	0.4072	0.4072	0.4072	|	0.2706	0.3072	0.3072	0.3072	|  Best result at epoch 11
65	1.1552	1.7357	|	0.2768	0.3540	0.3540	0.3540	|	0.1360	0.2416	0.2416	0.2416	|  Best result at epoch 11
66	1.1566	1.6923	|	0.2769	0.3540	0.3540	0.3540	|	0.1465	0.2420	0.2420	0.2420	|  Best result at epoch 11
67	1.1546	1.6727	|	0.2724	0.3540	0.3540	0.3540	|	0.1030	0.2012	0.2012	0.2012	|  Best result at epoch 11
68	1.1621	1.6717	|	0.3087	0.3696	0.3696	0.3696	|	0.2241	0.2688	0.2688	0.2688	|  Best result at epoch 11
69	1.1666	1.6927	|	0.2990	0.3702	0.3702	0.3702	|	0.1546	0.2306	0.2306	0.2306	|  Best result at epoch 11
70	1.1622	1.7219	|	0.3049	0.3920	0.3920	0.3920	|	0.1507	0.2388	0.2388	0.2388	|  Best result at epoch 11
71	1.1443	1.6748	|	0.3089	0.3696	0.3696	0.3696	|	0.2241	0.2688	0.2688	0.2688	|  Best result at epoch 11
72	1.1614	1.7435	|	0.2724	0.3540	0.3540	0.3540	|	0.1432	0.2416	0.2416	0.2416	|  Best result at epoch 11
73	1.1535	1.6855	|	0.3283	0.3822	0.3822	0.3822	|	0.1154	0.2026	0.2026	0.2026	|  Best result at epoch 11
74	1.1568	1.6505	|	0.2824	0.3542	0.3542	0.3542	|	0.1698	0.2406	0.2406	0.2406	|  Best result at epoch 11
75	1.1556	1.7113	|	0.2824	0.3542	0.3542	0.3542	|	0.1529	0.2426	0.2426	0.2426	|  Best result at epoch 11
76	1.1484	1.5724	|	0.3146	0.3696	0.3696	0.3696	|	0.2020	0.2688	0.2688	0.2688	|  Best result at epoch 11
77	1.1495	1.6565	|	0.3301	0.3920	0.3920	0.3920	|	0.1587	0.2424	0.2424	0.2424	|  Best result at epoch 11
78	1.1455	1.6894	|	0.3322	0.3858	0.3858	0.3858	|	0.2206	0.2574	0.2574	0.2574	|  Best result at epoch 11
79	1.1606	1.7710	|	0.2992	0.3820	0.3820	0.3820	|	0.1397	0.2284	0.2284	0.2284	|  Best result at epoch 11
80	1.1536	1.7568	|	0.2725	0.3702	0.3702	0.3702	|	0.1381	0.2384	0.2384	0.2384	|  Best result at epoch 11
81	1.1514	1.6815	|	0.3389	0.3858	0.3858	0.3858	|	0.1872	0.2288	0.2288	0.2288	|  Best result at epoch 11
82	1.1615	1.5183	|	0.2938	0.3816	0.3816	0.3816	|	0.0891	0.2000	0.2000	0.2000	|  Best result at epoch 11
83	1.1539	1.6618	|	0.3585	0.4076	0.4076	0.4076	|	0.2295	0.2664	0.2664	0.2664	|  Best result at epoch 11
84	1.1494	1.7554	|	0.2727	0.3702	0.3702	0.3702	|	0.1371	0.2290	0.2290	0.2290	|  Best result at epoch 11
85	1.1392	1.6405	|	0.3359	0.3858	0.3858	0.3858	|	0.2222	0.2574	0.2574	0.2574	|  Best result at epoch 11
86	1.1547	1.6500	|	0.4254	0.4450	0.4450	0.4450	|	0.2066	0.2382	0.2382	0.2382	|  Best result at epoch 11
87	1.1508	1.7499	|	0.2571	0.3540	0.3540	0.3540	|	0.1437	0.2416	0.2416	0.2416	|  Best result at epoch 11
88	1.1569	1.7489	|	0.3049	0.3920	0.3920	0.3920	|	0.1518	0.2396	0.2396	0.2396	|  Best result at epoch 11
89	1.1597	1.6884	|	0.3049	0.3920	0.3920	0.3920	|	0.1554	0.2400	0.2400	0.2400	|  Best result at epoch 11
90	1.1436	1.6004	|	0.3380	0.3858	0.3858	0.3858	|	0.2711	0.3072	0.3072	0.3072	|  Best result at epoch 11
91	1.1574	1.7015	|	0.3086	0.3702	0.3702	0.3702	|	0.1537	0.2312	0.2312	0.2312	|  Best result at epoch 11
92	1.1545	1.6885	|	0.3153	0.3696	0.3696	0.3696	|	0.1423	0.2288	0.2288	0.2288	|  Best result at epoch 11
93	1.1626	1.6785	|	0.3358	0.3858	0.3858	0.3858	|	0.2332	0.2570	0.2570	0.2570	|  Best result at epoch 11
94	1.1521	1.6107	|	0.4129	0.4510	0.4510	0.4510	|	0.2608	0.2972	0.2972	0.2972	|  Best result at epoch 11
95	1.1654	1.7514	|	0.2500	0.3536	0.3536	0.3536	|	0.1303	0.2400	0.2400	0.2400	|  Best result at epoch 11
96	1.1525	1.7268	|	0.2827	0.3702	0.3702	0.3702	|	0.1537	0.2400	0.2400	0.2400	|  Best result at epoch 11
97	1.1828	1.7398	|	0.2724	0.3540	0.3540	0.3540	|	0.1455	0.2416	0.2416	0.2416	|  Best result at epoch 11
98	1.1496	1.7199	|	0.2319	0.3540	0.3540	0.3540	|	0.1073	0.2000	0.2000	0.2000	|  Best result at epoch 11
99	1.1528	1.6951	|	0.2824	0.3542	0.3542	0.3542	|	0.1428	0.2426	0.2426	0.2426	|  Best result at epoch 11
100	1.1527	1.7016	|	0.3303	0.3924	0.3924	0.3924	|	0.1659	0.2410	0.2410	0.2410	|  Best result at epoch 11
101	1.1502	1.6022	|	0.3418	0.3858	0.3858	0.3858	|	0.2427	0.2978	0.2978	0.2978	|  Best result at epoch 11
102	1.1520	1.6632	|	0.3553	0.3976	0.3976	0.3976	|	0.1879	0.2288	0.2288	0.2288	|  Best result at epoch 11
103	1.1541	1.7589	|	0.2505	0.3540	0.3540	0.3540	|	0.0928	0.2000	0.2000	0.2000	|  Best result at epoch 11
104	1.1588	1.7124	|	0.2562	0.3540	0.3540	0.3540	|	0.1421	0.2412	0.2412	0.2412	|  Best result at epoch 11
105	1.1697	1.6264	|	0.3611	0.3976	0.3976	0.3976	|	0.2256	0.2688	0.2688	0.2688	|  Best result at epoch 11
106	1.1446	1.7028	|	0.3087	0.3696	0.3696	0.3696	|	0.2241	0.2688	0.2688	0.2688	|  Best result at epoch 11
107	1.1605	1.5603	|	0.3792	0.4476	0.4476	0.4476	|	0.2188	0.3088	0.3088	0.3088	|  Best result at epoch 11
108	1.1751	1.6208	|	0.3611	0.3976	0.3976	0.3976	|	0.2272	0.2688	0.2688	0.2688	|  Best result at epoch 11
109	1.1559	1.6913	|	0.3044	0.3706	0.3706	0.3706	|	0.1746	0.2414	0.2414	0.2414	|  Best result at epoch 11
110	1.1550	1.6978	|	0.2824	0.3542	0.3542	0.3542	|	0.1527	0.2426	0.2426	0.2426	|  Best result at epoch 11
