epoch	loss	v_loss	|	v_ma_f1	v_mi_f1	v_pre	v_rec	|	t_ma_f1	t_mi_f1	t_pre	t_rec
0	1.0194	1.3891	|	0.4671	0.5156	0.5156	0.5156	|	0.3762	0.4354	0.4354	0.4354	|  Best result at epoch 0
1	0.8758	1.6517	|	0.4140	0.5256	0.5256	0.5256	|	0.2880	0.3312	0.3312	0.3312	|  Best result at epoch 1
2	0.8462	1.6212	|	0.6025	0.6596	0.6596	0.6596	|	0.2948	0.3266	0.3266	0.3266	|  Best result at epoch 2
3	0.8168	1.5388	|	0.5260	0.5560	0.5560	0.5560	|	0.2849	0.3738	0.3738	0.3738	|  Best result at epoch 2
4	0.7683	1.5792	|	0.5607	0.6088	0.6088	0.6088	|	0.2419	0.3324	0.3324	0.3324	|  Best result at epoch 2
5	0.7520	1.5423	|	0.6850	0.7012	0.7012	0.7012	|	0.3975	0.4620	0.4620	0.4620	|  Best result at epoch 5
6	0.7391	1.5425	|	0.6324	0.6392	0.6392	0.6392	|	0.3501	0.4160	0.4160	0.4160	|  Best result at epoch 5
7	0.7248	1.5903	|	0.6661	0.6646	0.6646	0.6646	|	0.3108	0.3976	0.3976	0.3976	|  Best result at epoch 5
8	0.7240	1.7056	|	0.6046	0.6136	0.6136	0.6136	|	0.3305	0.3940	0.3940	0.3940	|  Best result at epoch 5
9	0.7125	1.5804	|	0.7144	0.7292	0.7292	0.7292	|	0.3061	0.4030	0.4030	0.4030	|  Best result at epoch 9
10	0.7097	1.6532	|	0.6321	0.6388	0.6388	0.6388	|	0.3418	0.4082	0.4082	0.4082	|  Best result at epoch 9
11	0.7037	1.7132	|	0.6043	0.6132	0.6132	0.6132	|	0.3728	0.4438	0.4438	0.4438	|  Best result at epoch 9
12	0.7009	1.7174	|	0.5884	0.6586	0.6586	0.6586	|	0.1965	0.3090	0.3090	0.3090	|  Best result at epoch 9
13	0.6989	1.6666	|	0.4920	0.5560	0.5560	0.5560	|	0.4221	0.4298	0.4298	0.4298	|  Best result at epoch 9
14	0.6916	1.9237	|	0.6173	0.6720	0.6720	0.6720	|	0.3870	0.4588	0.4588	0.4588	|  Best result at epoch 9
15	0.6920	1.6977	|	0.6777	0.7014	0.7014	0.7014	|	0.3063	0.4092	0.4092	0.4092	|  Best result at epoch 9
16	0.6888	1.7240	|	0.6394	0.6390	0.6390	0.6390	|	0.3295	0.4270	0.4270	0.4270	|  Best result at epoch 9
17	0.6903	1.7821	|	0.5722	0.5858	0.5858	0.5858	|	0.3269	0.3936	0.3936	0.3936	|  Best result at epoch 9
18	0.6866	1.7511	|	0.5797	0.5854	0.5854	0.5854	|	0.2606	0.3520	0.3520	0.3520	|  Best result at epoch 9
19	0.6839	1.7557	|	0.5838	0.6332	0.6332	0.6332	|	0.2368	0.3224	0.3224	0.3224	|  Best result at epoch 9
20	0.7132	1.6599	|	0.6762	0.6646	0.6646	0.6646	|	0.3155	0.4092	0.4092	0.4092	|  Best result at epoch 9
21	0.6843	1.7917	|	0.5722	0.5858	0.5858	0.5858	|	0.3269	0.3936	0.3936	0.3936	|  Best result at epoch 9
22	0.6868	1.8027	|	0.6043	0.6132	0.6132	0.6132	|	0.3481	0.4156	0.4156	0.4156	|  Best result at epoch 9
23	0.6802	1.7373	|	0.6043	0.6132	0.6132	0.6132	|	0.3281	0.3928	0.3928	0.3928	|  Best result at epoch 9
24	0.6829	1.8258	|	0.6043	0.6132	0.6132	0.6132	|	0.3483	0.4156	0.4156	0.4156	|  Best result at epoch 9
25	0.6846	1.7987	|	0.6046	0.6136	0.6136	0.6136	|	0.3282	0.3936	0.3936	0.3936	|  Best result at epoch 9
26	0.6778	1.8246	|	0.5749	0.5854	0.5854	0.5854	|	0.2617	0.3520	0.3520	0.3520	|  Best result at epoch 9
27	0.6892	1.8017	|	0.6082	0.6132	0.6132	0.6132	|	0.2639	0.3520	0.3520	0.3520	|  Best result at epoch 9
28	0.6824	1.7969	|	0.5893	0.6020	0.6020	0.6020	|	0.2939	0.3652	0.3652	0.3652	|  Best result at epoch 9
29	0.6814	1.7668	|	0.6043	0.6132	0.6132	0.6132	|	0.2612	0.3520	0.3520	0.3520	|  Best result at epoch 9
30	0.6767	1.8951	|	0.5719	0.5854	0.5854	0.5854	|	0.2891	0.3752	0.3752	0.3752	|  Best result at epoch 9
31	0.6826	1.7962	|	0.5719	0.5854	0.5854	0.5854	|	0.3242	0.3928	0.3928	0.3928	|  Best result at epoch 9
32	0.6844	1.8055	|	0.6046	0.6136	0.6136	0.6136	|	0.3269	0.3936	0.3936	0.3936	|  Best result at epoch 9
33	0.6793	1.7555	|	0.5871	0.6050	0.6050	0.6050	|	0.1975	0.2874	0.2874	0.2874	|  Best result at epoch 9
34	0.6746	1.8666	|	0.5719	0.5854	0.5854	0.5854	|	0.3257	0.3932	0.3932	0.3932	|  Best result at epoch 9
35	0.6838	1.8447	|	0.4498	0.4572	0.4572	0.4572	|	0.2836	0.3810	0.3810	0.3810	|  Best result at epoch 9
36	0.6850	1.7378	|	0.6082	0.6132	0.6132	0.6132	|	0.2574	0.3512	0.3512	0.3512	|  Best result at epoch 9
37	0.6720	1.8123	|	0.6046	0.6136	0.6136	0.6136	|	0.3240	0.3932	0.3932	0.3932	|  Best result at epoch 9
38	0.6807	1.7808	|	0.6043	0.6132	0.6132	0.6132	|	0.3281	0.3928	0.3928	0.3928	|  Best result at epoch 9
39	0.6916	1.7832	|	0.5749	0.5854	0.5854	0.5854	|	0.2646	0.3524	0.3524	0.3524	|  Best result at epoch 9
40	0.6837	1.8106	|	0.5749	0.5854	0.5854	0.5854	|	0.2644	0.3524	0.3524	0.3524	|  Best result at epoch 9
41	0.6715	1.7738	|	0.5797	0.5854	0.5854	0.5854	|	0.2578	0.3516	0.3516	0.3516	|  Best result at epoch 9
42	0.6729	1.9366	|	0.4498	0.4572	0.4572	0.4572	|	0.2685	0.3586	0.3586	0.3586	|  Best result at epoch 9
43	0.6820	1.8707	|	0.5749	0.5854	0.5854	0.5854	|	0.2747	0.3594	0.3594	0.3594	|  Best result at epoch 9
44	0.6744	1.8266	|	0.6082	0.6132	0.6132	0.6132	|	0.2831	0.3744	0.3744	0.3744	|  Best result at epoch 9
45	0.6841	1.8022	|	0.6082	0.6132	0.6132	0.6132	|	0.2612	0.3520	0.3520	0.3520	|  Best result at epoch 9
46	0.6775	1.8451	|	0.6160	0.6132	0.6132	0.6132	|	0.2836	0.3810	0.3810	0.3810	|  Best result at epoch 9
47	0.6784	1.7542	|	0.6082	0.6132	0.6132	0.6132	|	0.2612	0.3520	0.3520	0.3520	|  Best result at epoch 9
48	0.6822	1.7467	|	0.5749	0.5854	0.5854	0.5854	|	0.2646	0.3524	0.3524	0.3524	|  Best result at epoch 9
49	0.6814	1.7389	|	0.6082	0.6132	0.6132	0.6132	|	0.2613	0.3524	0.3524	0.3524	|  Best result at epoch 9
50	0.6833	1.8741	|	0.5797	0.5854	0.5854	0.5854	|	0.2730	0.3524	0.3524	0.3524	|  Best result at epoch 9
51	0.6662	1.7527	|	0.6160	0.6132	0.6132	0.6132	|	0.2612	0.3586	0.3586	0.3586	|  Best result at epoch 9
52	0.6720	1.7913	|	0.5881	0.5854	0.5854	0.5854	|	0.2645	0.3586	0.3586	0.3586	|  Best result at epoch 9
53	0.6694	1.8058	|	0.6082	0.6132	0.6132	0.6132	|	0.2620	0.3524	0.3524	0.3524	|  Best result at epoch 9
54	0.6734	1.7994	|	0.5881	0.5854	0.5854	0.5854	|	0.2624	0.3590	0.3590	0.3590	|  Best result at epoch 9
55	0.6658	1.8018	|	0.6324	0.6392	0.6392	0.6392	|	0.3282	0.3936	0.3936	0.3936	|  Best result at epoch 9
56	0.6626	1.6440	|	0.5652	0.5792	0.5792	0.5792	|	0.2802	0.3810	0.3810	0.3810	|  Best result at epoch 9
57	0.6787	1.8083	|	0.6235	0.6132	0.6132	0.6132	|	0.2628	0.3594	0.3594	0.3594	|  Best result at epoch 9
58	0.6732	1.7908	|	0.5855	0.5854	0.5854	0.5854	|	0.2628	0.3532	0.3532	0.3532	|  Best result at epoch 9
59	0.6658	1.8011	|	0.5797	0.5854	0.5854	0.5854	|	0.2613	0.3524	0.3524	0.3524	|  Best result at epoch 9
60	0.6730	1.7619	|	0.6046	0.6136	0.6136	0.6136	|	0.3247	0.3940	0.3940	0.3940	|  Best result at epoch 9
61	0.6697	1.8554	|	0.5797	0.5854	0.5854	0.5854	|	0.2644	0.3524	0.3524	0.3524	|  Best result at epoch 9
62	0.6690	1.8144	|	0.6160	0.6132	0.6132	0.6132	|	0.2617	0.3586	0.3586	0.3586	|  Best result at epoch 9
63	0.6734	1.7715	|	0.6160	0.6132	0.6132	0.6132	|	0.2626	0.3590	0.3590	0.3590	|  Best result at epoch 9
64	0.6692	1.7294	|	0.6235	0.6132	0.6132	0.6132	|	0.2620	0.3590	0.3590	0.3590	|  Best result at epoch 9
65	0.6642	1.7007	|	0.6043	0.6132	0.6132	0.6132	|	0.3287	0.3932	0.3932	0.3932	|  Best result at epoch 9
66	0.6740	1.7041	|	0.5943	0.5968	0.5968	0.5968	|	0.2322	0.3112	0.3112	0.3112	|  Best result at epoch 9
67	0.6687	1.9389	|	0.5722	0.5858	0.5858	0.5858	|	0.3249	0.3940	0.3940	0.3940	|  Best result at epoch 9
68	0.6682	1.8914	|	0.5631	0.5778	0.5778	0.5778	|	0.3643	0.4462	0.4462	0.4462	|  Best result at epoch 9
69	0.6704	1.7809	|	0.5797	0.5854	0.5854	0.5854	|	0.2639	0.3520	0.3520	0.3520	|  Best result at epoch 9
70	0.6682	1.8119	|	0.6082	0.6132	0.6132	0.6132	|	0.2612	0.3520	0.3520	0.3520	|  Best result at epoch 9
71	0.6682	1.8146	|	0.5719	0.5854	0.5854	0.5854	|	0.3247	0.3932	0.3932	0.3932	|  Best result at epoch 9
72	0.6715	1.8132	|	0.5749	0.5854	0.5854	0.5854	|	0.2658	0.3532	0.3532	0.3532	|  Best result at epoch 9
73	0.6649	1.7405	|	0.6082	0.6132	0.6132	0.6132	|	0.3292	0.3936	0.3936	0.3936	|  Best result at epoch 9
74	0.6727	1.7453	|	0.5913	0.6328	0.6328	0.6328	|	0.2546	0.3224	0.3224	0.3224	|  Best result at epoch 9
75	0.6756	1.6549	|	0.6370	0.6388	0.6388	0.6388	|	0.2613	0.3524	0.3524	0.3524	|  Best result at epoch 9
76	0.6655	1.6837	|	0.5749	0.5854	0.5854	0.5854	|	0.2637	0.3520	0.3520	0.3520	|  Best result at epoch 9
77	0.6718	1.8039	|	0.5855	0.5854	0.5854	0.5854	|	0.2624	0.3528	0.3528	0.3528	|  Best result at epoch 9
78	0.6626	1.8886	|	0.5588	0.5778	0.5778	0.5778	|	0.3575	0.4364	0.4364	0.4364	|  Best result at epoch 9
79	0.6689	1.8242	|	0.6082	0.6132	0.6132	0.6132	|	0.2616	0.3524	0.3524	0.3524	|  Best result at epoch 9
80	0.6696	1.7341	|	0.6135	0.6132	0.6132	0.6132	|	0.2620	0.3524	0.3524	0.3524	|  Best result at epoch 9
81	0.6804	1.8216	|	0.6043	0.6132	0.6132	0.6132	|	0.3247	0.3932	0.3932	0.3932	|  Best result at epoch 9
82	0.6673	1.8244	|	0.5752	0.5854	0.5854	0.5854	|	0.3237	0.3924	0.3924	0.3924	|  Best result at epoch 9
83	0.6651	1.8921	|	0.5722	0.5858	0.5858	0.5858	|	0.3249	0.3940	0.3940	0.3940	|  Best result at epoch 9
84	0.6756	1.7559	|	0.6046	0.6136	0.6136	0.6136	|	0.3245	0.3936	0.3936	0.3936	|  Best result at epoch 9
85	0.6711	1.7588	|	0.5994	0.5806	0.5806	0.5806	|	0.2092	0.2868	0.2868	0.2868	|  Best result at epoch 9
86	0.6667	1.9006	|	0.5722	0.5858	0.5858	0.5858	|	0.3249	0.3940	0.3940	0.3940	|  Best result at epoch 9
87	0.6763	1.7704	|	0.5719	0.5854	0.5854	0.5854	|	0.3237	0.3924	0.3924	0.3924	|  Best result at epoch 9
88	0.6678	1.8121	|	0.5797	0.5854	0.5854	0.5854	|	0.3276	0.3936	0.3936	0.3936	|  Best result at epoch 9
89	0.6679	1.7792	|	0.5854	0.5854	0.5854	0.5854	|	0.2624	0.3528	0.3528	0.3528	|  Best result at epoch 9
90	0.6672	1.6600	|	0.5722	0.5858	0.5858	0.5858	|	0.3235	0.3928	0.3928	0.3928	|  Best result at epoch 9
91	0.6624	1.7063	|	0.5387	0.5574	0.5574	0.5574	|	0.3242	0.3928	0.3928	0.3928	|  Best result at epoch 9
92	0.6609	1.7155	|	0.6369	0.6388	0.6388	0.6388	|	0.3237	0.3932	0.3932	0.3932	|  Best result at epoch 9
93	0.6649	1.6233	|	0.5855	0.5854	0.5854	0.5854	|	0.2660	0.3594	0.3594	0.3594	|  Best result at epoch 9
94	0.6586	1.5566	|	0.6135	0.6132	0.6132	0.6132	|	0.2600	0.3524	0.3524	0.3524	|  Best result at epoch 9
95	0.6645	1.6408	|	0.6046	0.6136	0.6136	0.6136	|	0.2706	0.3520	0.3520	0.3520	|  Best result at epoch 9
96	0.6589	1.8080	|	0.6082	0.6132	0.6132	0.6132	|	0.3292	0.3936	0.3936	0.3936	|  Best result at epoch 9
97	0.6610	1.7242	|	0.6321	0.6388	0.6388	0.6388	|	0.3271	0.3932	0.3932	0.3932	|  Best result at epoch 9
98	0.6588	1.7102	|	0.6051	0.6584	0.6584	0.6584	|	0.2520	0.3220	0.3220	0.3220	|  Best result at epoch 9
99	0.6567	1.6156	|	0.5959	0.5854	0.5854	0.5854	|	0.2623	0.3590	0.3590	0.3590	|  Best result at epoch 9
100	0.6509	1.7830	|	0.5559	0.5352	0.5352	0.5352	|	0.2616	0.3524	0.3524	0.3524	|  Best result at epoch 9
101	0.6576	1.8689	|	0.5802	0.5792	0.5792	0.5792	|	0.3265	0.3928	0.3928	0.3928	|  Best result at epoch 9
102	0.6547	1.7416	|	0.5880	0.5854	0.5854	0.5854	|	0.3241	0.3936	0.3936	0.3936	|  Best result at epoch 9
103	0.6566	1.6978	|	0.5756	0.5858	0.5858	0.5858	|	0.2670	0.3520	0.3520	0.3520	|  Best result at epoch 9
104	0.6503	1.7668	|	0.5539	0.5578	0.5578	0.5578	|	0.3237	0.3932	0.3932	0.3932	|  Best result at epoch 9
105	0.6524	1.7359	|	0.5752	0.5854	0.5854	0.5854	|	0.3259	0.3924	0.3924	0.3924	|  Best result at epoch 9
106	0.6533	1.7792	|	0.5429	0.5578	0.5578	0.5578	|	0.3232	0.3928	0.3928	0.3928	|  Best result at epoch 9
107	0.6561	1.9515	|	0.4275	0.4298	0.4298	0.4298	|	0.3228	0.3924	0.3924	0.3924	|  Best result at epoch 9
108	0.6569	1.7283	|	0.6235	0.6132	0.6132	0.6132	|	0.2601	0.3516	0.3516	0.3516	|  Best result at epoch 9
109	0.6535	1.8799	|	0.5880	0.5854	0.5854	0.5854	|	0.3265	0.3928	0.3928	0.3928	|  Best result at epoch 9
110	0.6568	1.6602	|	0.6327	0.6132	0.6132	0.6132	|	0.2695	0.3520	0.3520	0.3520	|  Best result at epoch 9
111	0.6472	1.7809	|	0.4483	0.4572	0.4572	0.4572	|	0.2609	0.3520	0.3520	0.3520	|  Best result at epoch 9
112	0.6526	1.8554	|	0.5880	0.5854	0.5854	0.5854	|	0.3259	0.3924	0.3924	0.3924	|  Best result at epoch 9
113	0.6508	1.8279	|	0.5799	0.5858	0.5858	0.5858	|	0.3242	0.3936	0.3936	0.3936	|  Best result at epoch 9
