epoch	loss	v_loss	|	v_ma_f1	v_mi_f1	v_pre	v_rec	|	t_ma_f1	t_mi_f1	t_pre	t_rec
0	1.2220	1.0846	|	0.4990	0.5560	0.5560	0.5560	|	0.3415	0.3794	0.3794	0.3794	|  Best result at epoch 0
1	0.9443	1.1689	|	0.5071	0.5560	0.5560	0.5560	|	0.2886	0.3790	0.3790	0.3790	|  Best result at epoch 0
2	0.8941	1.2541	|	0.6581	0.6650	0.6650	0.6650	|	0.3448	0.4106	0.4106	0.4106	|  Best result at epoch 2
3	0.8762	1.2699	|	0.6585	0.6628	0.6628	0.6628	|	0.2911	0.3790	0.3790	0.3790	|  Best result at epoch 2
4	0.8597	1.4371	|	0.4437	0.4790	0.4790	0.4790	|	0.2772	0.3790	0.3790	0.3790	|  Best result at epoch 2
5	0.8481	1.3934	|	0.6328	0.6396	0.6396	0.6396	|	0.3443	0.4102	0.4102	0.4102	|  Best result at epoch 2
6	0.8353	1.5000	|	0.5724	0.5860	0.5860	0.5860	|	0.3443	0.4102	0.4102	0.4102	|  Best result at epoch 2
7	0.8139	1.4100	|	0.6324	0.6392	0.6392	0.6392	|	0.3298	0.3936	0.3936	0.3936	|  Best result at epoch 2
8	0.8006	1.5404	|	0.6053	0.6588	0.6588	0.6588	|	0.2384	0.3224	0.3224	0.3224	|  Best result at epoch 2
9	0.7974	1.5613	|	0.6047	0.6136	0.6136	0.6136	|	0.3677	0.4384	0.4384	0.4384	|  Best result at epoch 2
10	0.7755	1.4312	|	0.6324	0.6392	0.6392	0.6392	|	0.3448	0.4106	0.4106	0.4106	|  Best result at epoch 2
11	0.7865	1.3475	|	0.6550	0.6672	0.6672	0.6672	|	0.4321	0.4956	0.4956	0.4956	|  Best result at epoch 11
12	0.7882	1.6052	|	0.6022	0.6140	0.6140	0.6140	|	0.3454	0.4106	0.4106	0.4106	|  Best result at epoch 11
13	0.7647	1.4645	|	0.6324	0.6392	0.6392	0.6392	|	0.3300	0.3936	0.3936	0.3936	|  Best result at epoch 11
14	0.7859	1.5220	|	0.5944	0.6136	0.6136	0.6136	|	0.3454	0.4106	0.4106	0.4106	|  Best result at epoch 11
15	0.7808	1.8813	|	0.3788	0.4196	0.4196	0.4196	|	0.2019	0.3072	0.3072	0.3072	|  Best result at epoch 11
16	0.7698	1.7691	|	0.4074	0.4576	0.4576	0.4576	|	0.2869	0.3690	0.3690	0.3690	|  Best result at epoch 11
17	0.7753	1.8735	|	0.3468	0.4000	0.4000	0.4000	|	0.2830	0.3784	0.3784	0.3784	|  Best result at epoch 11
18	0.7551	1.5346	|	0.5722	0.5858	0.5858	0.5858	|	0.3311	0.3936	0.3936	0.3936	|  Best result at epoch 11
19	0.7774	1.5576	|	0.5722	0.5858	0.5858	0.5858	|	0.3300	0.3936	0.3936	0.3936	|  Best result at epoch 11
20	0.7574	1.6139	|	0.5565	0.6058	0.6058	0.6058	|	0.2484	0.3390	0.3390	0.3390	|  Best result at epoch 11
21	0.7578	2.0126	|	0.3602	0.4332	0.4332	0.4332	|	0.0795	0.1224	0.1224	0.1224	|  Best result at epoch 11
22	0.7666	1.5919	|	0.5954	0.6100	0.6100	0.6100	|	0.3040	0.3674	0.3674	0.3674	|  Best result at epoch 11
23	0.7512	1.7638	|	0.5063	0.5060	0.5060	0.5060	|	0.2977	0.3722	0.3722	0.3722	|  Best result at epoch 11
24	0.7536	1.8314	|	0.4871	0.5060	0.5060	0.5060	|	0.3467	0.4122	0.4122	0.4122	|  Best result at epoch 11
25	0.7441	1.5814	|	0.6324	0.6392	0.6392	0.6392	|	0.3311	0.3936	0.3936	0.3936	|  Best result at epoch 11
26	0.7509	1.6923	|	0.5582	0.6036	0.6036	0.6036	|	0.2205	0.2954	0.2954	0.2954	|  Best result at epoch 11
27	0.7390	1.5912	|	0.6025	0.6118	0.6118	0.6118	|	0.3454	0.4106	0.4106	0.4106	|  Best result at epoch 11
28	0.7368	1.7192	|	0.5700	0.5840	0.5840	0.5840	|	0.3015	0.3666	0.3666	0.3666	|  Best result at epoch 11
29	0.7424	1.5585	|	0.5055	0.5060	0.5060	0.5060	|	0.2780	0.3436	0.3436	0.3436	|  Best result at epoch 11
30	0.7564	1.6441	|	0.4281	0.4476	0.4476	0.4476	|	0.2542	0.2790	0.2790	0.2790	|  Best result at epoch 11
31	0.7455	1.6587	|	0.5039	0.5578	0.5578	0.5578	|	0.2985	0.3652	0.3652	0.3652	|  Best result at epoch 11
32	0.7385	1.5191	|	0.5972	0.6114	0.6114	0.6114	|	0.3277	0.3928	0.3928	0.3928	|  Best result at epoch 11
33	0.7562	1.4551	|	0.5600	0.5840	0.5840	0.5840	|	0.3516	0.3666	0.3666	0.3666	|  Best result at epoch 11
34	0.7579	1.6313	|	0.5949	0.6096	0.6096	0.6096	|	0.2985	0.3662	0.3662	0.3662	|  Best result at epoch 11
35	0.7367	1.5644	|	0.5949	0.6096	0.6096	0.6096	|	0.3040	0.3674	0.3674	0.3674	|  Best result at epoch 11
36	0.7323	1.5379	|	0.5949	0.6096	0.6096	0.6096	|	0.3040	0.3674	0.3674	0.3674	|  Best result at epoch 11
37	0.7399	1.5719	|	0.6398	0.6388	0.6388	0.6388	|	0.2880	0.3702	0.3702	0.3702	|  Best result at epoch 11
38	0.7363	1.5528	|	0.5972	0.6114	0.6114	0.6114	|	0.3454	0.4106	0.4106	0.4106	|  Best result at epoch 11
39	0.7312	1.4932	|	0.5946	0.6092	0.6092	0.6092	|	0.2992	0.3662	0.3662	0.3662	|  Best result at epoch 11
40	0.7221	1.6199	|	0.5793	0.6306	0.6306	0.6306	|	0.2445	0.3212	0.3212	0.3212	|  Best result at epoch 11
41	0.7420	1.9178	|	0.5993	0.6562	0.6562	0.6562	|	0.2641	0.3626	0.3626	0.3626	|  Best result at epoch 11
42	0.7282	1.4913	|	0.6581	0.6650	0.6650	0.6650	|	0.3398	0.4106	0.4106	0.4106	|  Best result at epoch 11
43	0.7240	1.5101	|	0.6578	0.6646	0.6646	0.6646	|	0.3430	0.4102	0.4102	0.4102	|  Best result at epoch 11
44	0.7281	1.5537	|	0.6001	0.6096	0.6096	0.6096	|	0.3212	0.3844	0.3844	0.3844	|  Best result at epoch 11
45	0.7351	1.5642	|	0.5949	0.6096	0.6096	0.6096	|	0.3040	0.3674	0.3674	0.3674	|  Best result at epoch 11
46	0.7301	1.4953	|	0.5972	0.6114	0.6114	0.6114	|	0.3277	0.3928	0.3928	0.3928	|  Best result at epoch 11
47	0.7252	1.5976	|	0.5970	0.6110	0.6110	0.6110	|	0.3431	0.4102	0.4102	0.4102	|  Best result at epoch 11
48	0.7202	1.5458	|	0.5972	0.6114	0.6114	0.6114	|	0.3296	0.3932	0.3932	0.3932	|  Best result at epoch 11
49	0.7298	1.5061	|	0.6303	0.6368	0.6368	0.6368	|	0.2456	0.3258	0.3258	0.3258	|  Best result at epoch 11
50	0.7171	1.5026	|	0.7092	0.7256	0.7256	0.7256	|	0.3011	0.3674	0.3674	0.3674	|  Best result at epoch 50
51	0.7109	1.6378	|	0.5946	0.6092	0.6092	0.6092	|	0.2992	0.3662	0.3662	0.3662	|  Best result at epoch 50
52	0.7114	2.9405	|	0.3414	0.4178	0.4178	0.4178	|	0.3225	0.4340	0.4340	0.4340	|  Best result at epoch 50
53	0.7356	1.7634	|	0.5783	0.6002	0.6002	0.6002	|	0.2579	0.3386	0.3386	0.3386	|  Best result at epoch 50
54	0.7209	1.5375	|	0.5780	0.6292	0.6292	0.6292	|	0.2218	0.2950	0.2950	0.2950	|  Best result at epoch 50
55	0.7319	1.6834	|	0.7503	0.7448	0.7448	0.7448	|	0.2247	0.2950	0.2950	0.2950	|  Best result at epoch 55
56	0.7121	1.5867	|	0.5949	0.6096	0.6096	0.6096	|	0.3208	0.3840	0.3840	0.3840	|  Best result at epoch 55
57	0.7153	1.6622	|	0.7092	0.7256	0.7256	0.7256	|	0.3011	0.3674	0.3674	0.3674	|  Best result at epoch 55
58	0.7102	1.5588	|	0.6710	0.7000	0.7000	0.7000	|	0.3011	0.3674	0.3674	0.3674	|  Best result at epoch 55
59	0.7328	1.6286	|	0.5779	0.6292	0.6292	0.6292	|	0.2212	0.2962	0.2962	0.2962	|  Best result at epoch 55
60	0.7032	1.8298	|	0.5946	0.6092	0.6092	0.6092	|	0.2992	0.3662	0.3662	0.3662	|  Best result at epoch 55
61	0.7146	1.6702	|	0.5949	0.6096	0.6096	0.6096	|	0.3014	0.3666	0.3666	0.3666	|  Best result at epoch 55
62	0.7108	1.6120	|	0.5949	0.6096	0.6096	0.6096	|	0.3040	0.3674	0.3674	0.3674	|  Best result at epoch 55
63	0.7110	1.7428	|	0.4072	0.4438	0.4438	0.4438	|	0.2458	0.3386	0.3386	0.3386	|  Best result at epoch 55
64	0.7076	1.7221	|	0.5946	0.6092	0.6092	0.6092	|	0.3002	0.3662	0.3662	0.3662	|  Best result at epoch 55
65	0.7164	1.7136	|	0.5946	0.6092	0.6092	0.6092	|	0.3011	0.3670	0.3670	0.3670	|  Best result at epoch 55
66	0.7069	1.6248	|	0.5949	0.6096	0.6096	0.6096	|	0.3011	0.3674	0.3674	0.3674	|  Best result at epoch 55
67	0.6996	1.8320	|	0.5949	0.6096	0.6096	0.6096	|	0.3032	0.3666	0.3666	0.3666	|  Best result at epoch 55
68	0.7120	1.9720	|	0.5970	0.6110	0.6110	0.6110	|	0.3431	0.4102	0.4102	0.4102	|  Best result at epoch 55
69	0.7106	1.9226	|	0.5947	0.6092	0.6092	0.6092	|	0.2983	0.3662	0.3662	0.3662	|  Best result at epoch 55
70	0.7184	1.5355	|	0.5972	0.6114	0.6114	0.6114	|	0.3247	0.3924	0.3924	0.3924	|  Best result at epoch 55
71	0.7050	1.6076	|	0.5949	0.6096	0.6096	0.6096	|	0.2997	0.3666	0.3666	0.3666	|  Best result at epoch 55
72	0.7029	1.5454	|	0.5617	0.5836	0.5836	0.5836	|	0.2479	0.3258	0.3258	0.3258	|  Best result at epoch 55
73	0.7119	1.6028	|	0.5946	0.6092	0.6092	0.6092	|	0.3002	0.3662	0.3662	0.3662	|  Best result at epoch 55
74	0.7003	1.8204	|	0.5949	0.6096	0.6096	0.6096	|	0.3015	0.3666	0.3666	0.3666	|  Best result at epoch 55
75	0.6979	1.6395	|	0.5778	0.6288	0.6288	0.6288	|	0.2248	0.2950	0.2950	0.2950	|  Best result at epoch 55
76	0.7072	1.5451	|	0.7089	0.7252	0.7252	0.7252	|	0.2991	0.3662	0.3662	0.3662	|  Best result at epoch 55
77	0.6984	1.6782	|	0.5949	0.6096	0.6096	0.6096	|	0.3011	0.3674	0.3674	0.3674	|  Best result at epoch 55
78	0.7043	1.6281	|	0.5949	0.6096	0.6096	0.6096	|	0.3032	0.3666	0.3666	0.3666	|  Best result at epoch 55
79	0.7035	1.6117	|	0.5590	0.5840	0.5840	0.5840	|	0.3011	0.3674	0.3674	0.3674	|  Best result at epoch 55
80	0.7078	1.8109	|	0.5970	0.6110	0.6110	0.6110	|	0.3430	0.4102	0.4102	0.4102	|  Best result at epoch 55
81	0.7021	1.5941	|	0.5779	0.6292	0.6292	0.6292	|	0.2212	0.2962	0.2962	0.2962	|  Best result at epoch 55
82	0.7319	1.5706	|	0.5949	0.6096	0.6096	0.6096	|	0.3005	0.3674	0.3674	0.3674	|  Best result at epoch 55
83	0.7001	1.5806	|	0.6702	0.7000	0.7000	0.7000	|	0.3011	0.3674	0.3674	0.3674	|  Best result at epoch 55
84	0.6982	1.5906	|	0.5946	0.6092	0.6092	0.6092	|	0.2991	0.3662	0.3662	0.3662	|  Best result at epoch 55
85	0.6921	1.6064	|	0.7089	0.7252	0.7252	0.7252	|	0.2979	0.3662	0.3662	0.3662	|  Best result at epoch 55
86	0.6968	1.5880	|	0.5949	0.6096	0.6096	0.6096	|	0.3040	0.3674	0.3674	0.3674	|  Best result at epoch 55
87	0.7091	1.5831	|	0.5871	0.6002	0.6002	0.6002	|	0.2591	0.3390	0.3390	0.3390	|  Best result at epoch 55
88	0.7013	1.6792	|	0.5949	0.6096	0.6096	0.6096	|	0.3015	0.3666	0.3666	0.3666	|  Best result at epoch 55
89	0.6993	1.6614	|	0.5180	0.5056	0.5056	0.5056	|	0.2886	0.3324	0.3324	0.3324	|  Best result at epoch 55
90	0.7021	1.5432	|	0.5949	0.6096	0.6096	0.6096	|	0.3032	0.3666	0.3666	0.3666	|  Best result at epoch 55
91	0.6889	1.5821	|	0.6706	0.6996	0.6996	0.6996	|	0.2519	0.3266	0.3266	0.3266	|  Best result at epoch 55
92	0.6946	1.5703	|	0.7092	0.7256	0.7256	0.7256	|	0.3011	0.3674	0.3674	0.3674	|  Best result at epoch 55
93	0.6939	1.5725	|	0.6702	0.7000	0.7000	0.7000	|	0.2985	0.3674	0.3674	0.3674	|  Best result at epoch 55
94	0.7037	1.8783	|	0.5778	0.6288	0.6288	0.6288	|	0.1826	0.2546	0.2546	0.2546	|  Best result at epoch 55
95	0.7110	1.6814	|	0.5949	0.6096	0.6096	0.6096	|	0.3015	0.3666	0.3666	0.3666	|  Best result at epoch 55
96	0.6886	1.7210	|	0.5949	0.6096	0.6096	0.6096	|	0.3032	0.3666	0.3666	0.3666	|  Best result at epoch 55
97	0.6885	1.5072	|	0.5726	0.5836	0.5836	0.5836	|	0.2988	0.3670	0.3670	0.3670	|  Best result at epoch 55
98	0.7004	1.7327	|	0.5949	0.6096	0.6096	0.6096	|	0.3011	0.3674	0.3674	0.3674	|  Best result at epoch 55
99	0.6962	1.5522	|	0.5949	0.6096	0.6096	0.6096	|	0.2987	0.3666	0.3666	0.3666	|  Best result at epoch 55
100	0.6956	1.6327	|	0.5779	0.6292	0.6292	0.6292	|	0.2222	0.2954	0.2954	0.2954	|  Best result at epoch 55
101	0.6883	1.4404	|	0.6710	0.7000	0.7000	0.7000	|	0.3011	0.3674	0.3674	0.3674	|  Best result at epoch 55
102	0.6998	1.5018	|	0.5984	0.6114	0.6114	0.6114	|	0.3277	0.3928	0.3928	0.3928	|  Best result at epoch 55
103	0.6915	1.7957	|	0.5780	0.6292	0.6292	0.6292	|	0.2221	0.2954	0.2954	0.2954	|  Best result at epoch 55
104	0.6987	1.7836	|	0.5633	0.5608	0.5608	0.5608	|	0.2874	0.3698	0.3698	0.3698	|  Best result at epoch 55
105	0.6907	1.5700	|	0.7505	0.7452	0.7452	0.7452	|	0.2246	0.2954	0.2954	0.2954	|  Best result at epoch 105
106	0.7543	1.6139	|	0.5972	0.6114	0.6114	0.6114	|	0.3277	0.3928	0.3928	0.3928	|  Best result at epoch 105
107	0.6945	1.6379	|	0.7092	0.7256	0.7256	0.7256	|	0.3015	0.3666	0.3666	0.3666	|  Best result at epoch 105
108	0.6943	1.7042	|	0.5946	0.6092	0.6092	0.6092	|	0.2934	0.3662	0.3662	0.3662	|  Best result at epoch 105
109	0.6940	1.6638	|	0.7089	0.7252	0.7252	0.7252	|	0.2991	0.3662	0.3662	0.3662	|  Best result at epoch 105
110	0.7311	1.8146	|	0.5512	0.5830	0.5830	0.5830	|	0.3220	0.3924	0.3924	0.3924	|  Best result at epoch 105
111	0.6964	1.7045	|	0.7092	0.7256	0.7256	0.7256	|	0.3032	0.3666	0.3666	0.3666	|  Best result at epoch 105
112	0.6945	1.7272	|	0.7089	0.7252	0.7252	0.7252	|	0.2982	0.3662	0.3662	0.3662	|  Best result at epoch 105
113	0.6902	1.7602	|	0.7089	0.7252	0.7252	0.7252	|	0.2991	0.3662	0.3662	0.3662	|  Best result at epoch 105
114	0.6871	2.0290	|	0.5399	0.5692	0.5692	0.5692	|	0.2861	0.3652	0.3652	0.3652	|  Best result at epoch 105
115	0.7182	1.6884	|	0.6627	0.6972	0.6972	0.6972	|	0.2431	0.3262	0.3262	0.3262	|  Best result at epoch 105
116	0.6942	1.6860	|	0.6699	0.6996	0.6996	0.6996	|	0.2509	0.3258	0.3258	0.3258	|  Best result at epoch 105
117	0.6966	1.9566	|	0.6100	0.6216	0.6216	0.6216	|	0.2508	0.3258	0.3258	0.3258	|  Best result at epoch 105
118	0.6934	1.7729	|	0.6673	0.6668	0.6668	0.6668	|	0.1901	0.2620	0.2620	0.2620	|  Best result at epoch 105
119	0.7075	1.6781	|	0.7089	0.7252	0.7252	0.7252	|	0.2991	0.3662	0.3662	0.3662	|  Best result at epoch 105
120	0.7129	1.5740	|	0.7088	0.7252	0.7252	0.7252	|	0.2983	0.3662	0.3662	0.3662	|  Best result at epoch 105
121	0.7072	1.5997	|	0.5946	0.6092	0.6092	0.6092	|	0.3006	0.3662	0.3662	0.3662	|  Best result at epoch 105
122	0.6908	1.7875	|	0.6710	0.7000	0.7000	0.7000	|	0.3015	0.3666	0.3666	0.3666	|  Best result at epoch 105
123	0.6883	1.7014	|	0.6001	0.6096	0.6096	0.6096	|	0.3015	0.3666	0.3666	0.3666	|  Best result at epoch 105
124	0.6889	1.6042	|	0.7110	0.7252	0.7252	0.7252	|	0.2983	0.3662	0.3662	0.3662	|  Best result at epoch 105
125	0.7143	1.4699	|	0.5729	0.5840	0.5840	0.5840	|	0.3040	0.3674	0.3674	0.3674	|  Best result at epoch 105
126	0.6806	1.8548	|	0.6311	0.6396	0.6396	0.6396	|	0.3448	0.4106	0.4106	0.4106	|  Best result at epoch 105
127	0.6930	1.6024	|	0.7500	0.7448	0.7448	0.7448	|	0.2318	0.2950	0.2950	0.2950	|  Best result at epoch 105
128	0.7422	1.9832	|	0.6097	0.5870	0.5870	0.5870	|	0.3598	0.4102	0.4102	0.4102	|  Best result at epoch 105
129	0.7308	1.6047	|	0.5700	0.5840	0.5840	0.5840	|	0.3040	0.3674	0.3674	0.3674	|  Best result at epoch 105
130	0.7003	1.7939	|	0.6404	0.6472	0.6472	0.6472	|	0.2982	0.3662	0.3662	0.3662	|  Best result at epoch 105
131	0.7282	1.6811	|	0.5169	0.5056	0.5056	0.5056	|	0.2508	0.3258	0.3258	0.3258	|  Best result at epoch 105
132	0.7662	1.8766	|	0.5360	0.5330	0.5330	0.5330	|	0.3429	0.4102	0.4102	0.4102	|  Best result at epoch 105
133	0.7280	1.5752	|	0.6702	0.7000	0.7000	0.7000	|	0.2992	0.3674	0.3674	0.3674	|  Best result at epoch 105
134	0.6907	1.8406	|	0.6005	0.6114	0.6114	0.6114	|	0.3398	0.4106	0.4106	0.4106	|  Best result at epoch 105
