0	0
1	1
2	521
3	578
4	102
5	2
6	77
7	20
8	269
9	603
10	108
11	658
12	678
13	614
14	71
15	597
16	46
17	45
18	48298
19	533
20	532
21	612
22	7
23	4
24	8
25	106
26	477
27	459
28	35
29	59
30	428
31	242
32	820
33	392
34	237
35	232
36	9
37	3752
38	13
39	508
40	5
41	18
42	465
43	31
44	5486
45	32
46	5479
47	11
48	358
49	19
50	5542
51	12
52	5528
53	3
54	575
55	6
56	16
57	85
58	21
59	37
60	27
61	562
62	176
63	5516
64	487
65	485
66	94
67	99
68	476
69	5534
70	5527
71	481
72	433
73	80
74	26
75	22
76	499
77	545
78	480
79	1247
80	87
81	5481
82	30
83	165
84	5543
85	83
86	25
87	5515
88	546
89	104
90	28
91	250
92	10
93	51
94	189
95	52
96	191
97	317
98	218
99	318
100	248
101	5547
102	53
103	246
104	610
105	70
106	336
107	188
108	297
109	47
110	14
111	49
112	239
113	309
114	57
115	259
116	348
117	44
118	93
119	366
120	42
121	370
122	371
123	383
124	364
125	61
126	291
127	24
128	110
129	115
130	142
131	48229
132	174
133	109
134	129
135	36
136	156
137	178
138	72
139	15
140	177
141	243
142	264
143	211
144	69
145	5531
146	5551
147	274
148	293
149	55
150	5538
151	67
152	298
153	280
154	346
155	279
156	276
157	58
158	299
159	68
160	216
161	471
162	3761
163	393
164	314
165	518
166	3382
167	207
168	2227
169	674
170	158
171	3365
172	368
173	369
174	3384
175	54
176	2131
177	40
178	381
179	50155
180	483
181	516
182	23
183	147
184	238
185	1708
186	416
187	582
188	90
189	579
190	602
191	227
192	206
193	247
194	231
195	249
196	200
197	195
198	263
199	265
200	38
201	66
202	33
203	2049
204	4385
205	50050
206	446
207	29
208	454
209	492
210	482
211	362
212	359
213	76
214	307
215	352
216	367
217	350
218	470
219	75
220	489
221	461
222	963
223	430
224	601
225	335
226	509
227	488
228	964
229	17
230	630
231	403
232	633
233	629
234	347
235	395
236	331
237	213
238	181
239	89
240	255
241	256
242	277
243	65
244	3740
245	3739
246	91
247	694
248	491
249	747
250	740
251	757
252	153
253	764
254	760
255	739
256	753
257	758
258	748
259	750
260	152
261	751
262	693
263	300
264	313
265	320
266	304
267	226
268	5233
269	1952
270	328
271	327
272	378
273	380
274	345
275	316
276	14176
277	504
278	703
279	1678
280	5219
281	50024
282	97
283	236
284	357
285	349
286	354
287	342
288	554
289	569
290	547
291	132
292	557
293	48
294	548
295	549
296	550
297	302
298	647
299	572
300	558
301	535
302	32145
303	573
304	565
305	566
306	113
307	584
308	175
309	816
310	828
311	96
312	829
313	95
314	832
315	915
316	825
317	618
318	4816
319	11903
320	51609
321	412
322	43
323	3742
324	64
325	51608
326	423
327	417
328	51598
329	927
330	435
331	450
332	939
333	51597
334	526
335	500
336	125
337	457
338	493
339	484
340	112
341	105
342	186
343	568
344	975
345	1030
346	992
347	1012
348	979
349	146
350	1037
351	1054
352	1042
353	1056
354	1044
355	1039
356	1040
357	436
358	123
359	438
360	409
361	63
362	413
363	230
364	215
365	39
366	192
367	201
368	5758
369	3883
370	5759
371	903
372	1521
373	78
374	468
375	935
376	421
377	400
378	379
379	5749
380	713
381	1752
382	486
383	321
384	522
385	209
386	253
387	286
388	275
389	117
390	98
391	437
392	479
393	475
394	5923
395	100
396	467
397	478
398	472
399	41
400	5764
401	5681
402	315
403	60
404	322
405	325
406	1474
407	284
408	283
409	266
410	196
411	702
412	687
413	107
414	676
415	463
416	657
417	655
418	656
419	941
420	943
421	3973
422	497
423	397
424	466
425	474
426	343
427	542
428	541
429	48070
430	5644
431	445
432	512
433	517
434	513
435	50
436	204
437	288
438	290
439	823
440	811
441	103
442	1027
443	1089
444	257
445	258
446	260
447	1087
448	219
449	197
450	473
451	501
452	1169
453	14996
454	1097
455	1103
456	1105
457	1104
458	1082
459	1032
460	287
461	2116
462	2111
463	2098
464	494
465	495
466	2115
467	2112
468	2129
469	455
470	1182
471	818
472	756
473	746
474	14997
475	743
476	51802
477	48074
478	252
479	1057
480	1106
481	1108
482	1100
483	1101
484	1099
485	185
486	5776
487	732
488	718
489	717
490	716
491	714
492	725
493	733
494	736
495	731
496	706
497	170
498	738
499	752
500	51679
501	734
502	704
503	51680
504	701
505	742
506	520
507	705
508	735
509	442
510	420
511	51681
512	1031
513	1004
514	991
515	966
516	1035
517	1026
518	14993
519	1066
520	1074
521	1033
522	140
523	443
524	119
525	505
526	570
527	14419
528	506
529	426
530	84
531	510
532	179
533	498
534	469
535	221
536	868
537	3980
538	5751
539	220
540	431
541	429
542	440
543	5760
544	222
545	503
546	3979
547	240
548	448
549	172
550	171
551	155
552	190
553	234
554	5748
555	261
556	199
557	212
558	169
559	408
560	406
561	285
562	319
563	268
564	224
565	462
566	194
567	193
568	131
569	271
570	356
571	205
572	198
573	214
574	203
575	251
576	447
577	653
578	210
579	308
580	245
581	162
582	135
583	1479
584	576
585	387
586	267
587	126
588	5650
589	273
590	3843
591	862
592	5662
593	244
594	241
595	233
596	5649
597	270
598	5774
599	73
600	399
601	976
602	1198
603	5666
604	5755
605	272
606	543
607	1592
608	580
609	225
610	128
611	3844
612	425
613	187
614	278
615	5631
616	427
617	5643
618	514
619	5622
620	5612
621	74
622	5652
623	525
624	534
625	5788
626	544
627	527
628	334
629	1116
630	374
631	5637
632	595
633	530
634	396
635	5642
636	305
637	5640
638	289
639	5646
640	353
641	151
642	5660
643	5709
644	301
645	3934
646	143
647	4024
648	355
649	3842
650	34
651	351
652	82
653	344
654	419
655	464
656	418
657	294
658	434
659	711
660	229
661	228
662	338
663	1102
664	5777
665	122
666	5772
667	449
668	5763
669	1129
670	458
671	154
672	451
673	422
674	398
675	1130
676	5757
677	118
678	460
679	1132
680	5761
681	5766
682	114
683	5808
684	515
685	281
686	5780
687	502
688	312
689	3938
690	202
691	254
692	3870
693	296
694	208
695	145
696	124
697	5762
698	1015
699	5775
700	5754
701	5641
702	382
703	120
704	410
705	311
706	5696
707	439
708	1096
709	424
710	292
711	415
712	404
713	3862
714	282
715	388
716	1715
717	391
718	414
719	79
720	262
721	5613
722	1091
723	5790
724	5752
725	537
726	5526
727	1065
728	339
729	5535
730	536
731	121
732	925
733	432
734	456
735	101
736	1036
737	490
738	496
739	519
740	5633
741	5632
742	182
743	5658
744	593
745	619
746	564
747	529
748	574
749	561
750	622
751	560
752	5726
753	168
754	295
755	1114
756	594
757	157
758	5785
759	929
760	5769
761	587
762	401
763	524
764	137
765	411
766	5773
767	452
768	453
769	5714
770	559
771	405
772	88
773	163
774	860
775	5635
776	444
777	511
778	5677
779	1623
780	116
781	5753
782	5742
783	330
784	217
785	180
786	1485
787	5616
788	531
789	551
790	684
791	596
792	672
793	5657
794	1142
795	167
796	5765
797	5771
798	324
799	5820
800	1329
801	5664
802	5781
803	160
804	441
805	5805
806	56
807	3907
808	5645
809	5647
810	303
811	5782
812	385
813	323
814	326
815	591
816	144
817	407
818	223
819	81
820	5798
821	1149
822	62
823	1134
824	1292
825	5663
826	917
827	134
828	337
829	662
830	3847
831	908
832	5620
833	340
834	1136
835	5807
836	1128
837	667
838	361
839	3845
840	5685
841	5689
842	5691
843	5683
844	5795
845	5671
846	5789
847	1150
848	5791
849	5809
850	92
851	306
852	3884
853	507
854	553
855	552
856	1319
857	563
858	556
859	1090
860	1126
861	5745
862	386
863	373
864	402
865	376
866	5746
867	5630
868	5628
869	377
870	5661
871	950
872	166
873	5734
874	173
875	5878
876	235
877	895
878	5607
879	5636
880	1255
881	130
882	1585
883	1332
884	1333
885	5779
886	333
887	5747
888	528
889	5733
890	5690
891	523
892	5786
893	5654
894	538
895	2152
896	3600
897	788
898	2302
899	3723
900	3717
901	3718
902	394
903	390
904	3719
905	3721
906	2608
907	384
908	3689
909	2386
910	184
911	2387
912	3722
913	886
914	1325
915	4216
916	48084
917	8585
918	641
919	47879
920	332
921	812
922	607
923	787
924	835
925	803
926	30761
927	821
928	842
929	840
930	839
931	631
932	863
933	864
934	670
935	890
936	896
937	905
938	892
939	891
940	2125
941	876
942	2134
943	2148
944	2138
945	880
946	906
947	47880
948	643
949	869
950	867
951	2127
952	48113
953	2126
954	2235
955	2124
956	2130
957	2128
958	2180
959	726
960	761
961	745
962	755
963	2123
964	183
965	2083
966	2244
967	2246
968	2247
969	2251
970	2250
971	2269
972	2266
973	2265
974	2222
975	2248
976	2151
977	2273
978	2270
979	2245
980	3699
981	708
982	48040
983	11640
984	1876
985	1909
986	1884
987	1895
988	1885
989	1569
990	1568
991	1570
992	1590
993	1571
994	1589
995	1588
996	1581
997	1628
998	1582
999	555
1000	567
1001	111
1002	3656
1003	5206
1004	5209
1005	1077
1006	5218
1007	5228
1008	5207
1009	9831
1010	39333
1011	809
1012	7530
1013	4380
1014	1315
1015	48071
1016	2267
1017	2263
1018	581
1019	2264
1020	540
1021	1253
1022	5803
1023	30764
1024	588
1025	605
1026	161
1027	853
1028	606
1029	872
1030	858
1031	47849
1032	885
1033	852
1034	912
1035	871
1036	2255
1037	2272
1038	2256
1039	2276
1040	2254
1041	2257
1042	2252
1043	1224
1044	770
1045	715
1046	749
1047	659
1048	661
1049	665
1050	5768
1051	654
1052	668
1053	795
1054	793
1055	652
1056	792
1057	1261
1058	341
1059	5813
1060	5799
1061	5801
1062	1151
1063	5797
1064	360
1065	3850
1066	1014
1067	675
1068	3887
1069	5783
1070	5778
1071	86
1072	640
1073	50165
1074	50170
1075	638
1076	5627
1077	5675
1078	1061
1079	5626
1080	5679
1081	1579
1082	5656
1083	329
1084	5673
1085	586
1086	5767
1087	5672
1088	136
1089	5674
1090	5676
1091	5625
1092	609
1093	539
1094	5670
1095	150
1096	5669
1097	1714
1098	5794
1099	3854
1100	685
1101	1517
1102	5651
1103	1025
1104	958
1105	5611
1106	5653
1107	5667
1108	5716
1109	5665
1110	571
1111	25401
1112	3858
1113	5668
1114	5659
1115	25399
1116	583
1117	585
1118	5684
1119	389
1120	5678
1121	5695
1122	51721
1123	660
1124	634
1125	592
1126	600
1127	2348
1128	2366
1129	824
1130	806
1131	805
1132	48367
1133	48091
1134	1841
1135	4948
1136	650
1137	817
1138	834
1139	1153
1140	1173
1141	1175
1142	577
1143	1863
1144	1862
1145	1866
1146	1864
1147	1565
1148	1868
1149	1583
1150	48107
1151	1887
1152	1869
1153	1888
1154	1870
1155	1890
1156	1875
1157	1878
1158	1882
1159	1873
1160	1874
1161	1877
1162	1279
1163	1269
1164	1278
1165	625
1166	50224
1167	5947
1168	375
1169	5945
1170	5951
1171	5943
1172	5982
1173	1594
1174	1023
1175	5944
1176	949
1177	5940
1178	5948
1179	5949
1180	1407
1181	5919
1182	5954
1183	5974
1184	1327
1185	5986
1186	148
1187	1368
1188	1366
1189	1374
1190	1384
1191	1364
1192	1347
1193	1335
1194	1338
1195	1361
1196	1341
1197	1356
1198	5973
1199	1240
1200	1256
1201	1282
1202	590
1203	608
1204	48124
1205	2208
1206	3459
1207	3458
1208	3468
1209	3463
1210	3478
1211	133
1212	690
1213	3460
1214	3462
1215	3466
1216	3461
1217	164
1218	3655
1219	1260
1220	2324
1221	3646
1222	3648
1223	3604
1224	1115
1225	796
1226	3650
1227	3651
1228	4742
1229	4777
1230	141
1231	3206
1232	697
1233	4798
1234	3109
1235	5353
1236	5343
1237	5340
1238	5344
1239	5338
1240	3502
1241	5355
1242	4787
1243	5341
1244	4791
1245	5358
1246	5361
1247	5359
1248	5505
1249	5342
1250	5363
1251	599
1252	5368
1253	5512
1254	149
1255	709
1256	3108
1257	3501
1258	1602
1259	5352
1260	372
1261	4928
1262	3515
1263	5364
1264	5374
1265	5365
1266	5360
1267	5536
1268	1199
1269	5370
1270	1204
1271	5382
1272	5381
1273	5357
1274	5372
1275	5371
1276	5380
1277	5362
1278	1196
1279	5356
1280	5408
1281	3517
1282	589
1283	363
1284	5337
1285	1112
1286	1604
1287	5383
1288	3520
1289	5378
1290	5377
1291	5379
1292	365
1293	5385
1294	5388
1295	5389
1296	5351
1297	3943
1298	3139
1299	798
1300	909
1301	1215
1302	3944
1303	3148
1304	310
1305	4840
1306	4841
1307	4842
1308	4846
1309	696
1310	4864
1311	4847
1312	1465
1313	3583
1314	139
1315	4851
1316	4801
1317	138
1318	4854
1319	5392
1320	1107
1321	159
1322	4821
1323	1052
1324	4853
1325	1434
1326	686
1327	4838
1328	4874
1329	3150
1330	4822
1331	989
1332	4800
1333	4845
1334	4835
1335	4843
1336	3584
1337	3152
1338	790
1339	127
1340	3151
1341	986
1342	4807
1343	1109
1344	3153
1345	4850
1346	4849
1347	4844
1348	683
1349	4859
1350	4858
1351	4848
1352	1051
1353	3157
1354	3587
1355	5938
1356	4862
1357	627
1358	4876
1359	3371
1360	4810
1361	1462
1362	3948
1363	4861
1364	4834
1365	4830
1366	4856
1367	5390
1368	3950
1369	1431
1370	8359
1371	1113
1372	5349
1373	8383
1374	8257
1375	1956
1376	8331
1377	2331
1378	5398
1379	5400
1380	4875
1381	4868
1382	3240
1383	5411
1384	4870
1385	3524
1386	1137
1387	5693
1388	598
1389	615
1390	5702
1391	5688
1392	621
1393	1135
1394	1489
1395	5802
1396	5842
1397	620
1398	649
1399	604
1400	3864
1401	617
1402	611
1403	616
1404	5354
1405	3891
1406	4051
1407	613
1408	5396
1409	5395
1410	1209
1411	5384
1412	5405
1413	5426
1414	5697
1415	1144
1416	5530
1417	5569
1418	5533
1419	5540
1420	1146
1421	3749
1422	3738
1423	3737
1424	2586
1425	2033
1426	2015
1427	2038
1428	2020
1429	47544
1430	2021
1431	2030
1432	30671
1433	2018
1434	47546
1435	47540
1436	2037
1437	5497
1438	780
1439	3235
1440	4977
1441	4984
1442	4983
1443	5555
1444	1220
1445	5498
1446	4979
1447	4978
1448	5504
1449	5525
1450	3619
1451	5503
1452	3622
1453	5541
1454	3237
1455	4988
1456	5548
1457	3949
1458	5831
1459	5817
1460	1344
1461	5821
1462	3958
1463	1218
1464	4987
1465	5507
1466	5549
1467	4989
1468	4993
1469	5006
1470	1249
1471	2295
1472	48917
1473	4214
1474	1038
1475	728
1476	48944
1477	48951
1478	48949
1479	5922
1480	4135
1481	1110
1482	3953
1483	5835
1484	712
1485	5839
1486	1636
1487	1226
1488	1666
1489	14015
1490	2397
1491	48919
1492	1619
1493	13429
1494	45118
1495	1120
1496	1045
1497	1460
1498	1457
1499	1372
1500	1392
1501	1355
1502	1393
1503	1394
1504	1395
1505	1380
1506	1414
1507	1357
1508	1391
1509	1354
1510	1360
1511	1390
1512	971
1513	972
1514	1079
1515	945
1516	1358
1517	1379
1518	47564
1519	1228
1520	1595
1521	1574
1522	1005
1523	1019
1524	1001
1525	1021
1526	999
1527	1020
1528	962
1529	1010
1530	1122
1531	1757
1532	888
1533	1092
1534	671
1535	1076
1536	1095
1537	1083
1538	1064
1539	1208
1540	1028
1541	1053
1542	1359
1543	2194
1544	45349
1545	1363
1546	1348
1547	1321
1548	1362
1549	759
1550	887
1551	898
1552	47558
1553	913
1554	894
1555	1060
1556	1084
1557	782
1558	889
1559	1078
1560	1058
1561	1312
1562	1353
1563	1059
1564	1070
1565	1080
1566	1188
1567	1062
1568	1063
1569	5906
1570	673
1571	664
1572	1440
1573	1442
1574	1437
1575	1320
1576	1295
1577	1459
1578	1340
1579	54554
1580	54452
1581	5002
1582	54462
1583	1435
1584	1405
1585	2389
1586	54476
1587	8544
1588	1022
1589	8549
1590	1779
1591	11963
1592	741
1593	754
1594	11960
1595	3826
1596	3860
1597	2585
1598	3859
1599	3876
1600	2443
1601	3877
1602	3863
1603	3867
1604	914
1605	3866
1606	3899
1607	3875
1608	3890
1609	3868
1610	3874
1611	801
1612	3879
1613	1311
1614	710
1615	44608
1616	645
1617	642
1618	639
1619	2424
1620	635
1621	636
1622	44657
1623	3298
1624	44650
1625	7329
1626	44651
1627	44669
1628	6601
1629	7632
1630	44652
1631	637
1632	44728
1633	677
1634	44740
1635	44729
1636	6815
1637	1428
1638	978
1639	3221
1640	1211
1641	44668
1642	1975
1643	2006
1644	2004
1645	2003
1646	3420
1647	44666
1648	44667
1649	1383
1650	1381
1651	44735
1652	1346
1653	48201
1654	13513
1655	5137
1656	48228
1657	48197
1658	5141
1659	48245
1660	10014
1661	2334
1662	48235
1663	4345
1664	48232
1665	666
1666	13519
1667	48231
1668	861
1669	48266
1670	48234
1671	1936
1672	48249
1673	848
1674	882
1675	883
1676	4318
1677	48230
1678	921
1679	48248
1680	3758
1681	1668
1682	39542
1683	901
1684	48205
1685	854
1686	838
1687	13515
1688	881
1689	5484
1690	5476
1691	5448
1692	5485
1693	3914
1694	5473
1695	5480
1696	11539
1697	11558
1698	2121
1699	3130
1700	11522
1701	48239
1702	910
1703	865
1704	845
1705	48241
1706	48244
1707	893
1708	969
1709	965
1710	48265
1711	923
1712	926
1713	928
1714	920
1715	39476
1716	3955
1717	11305
1718	48238
1719	1927
1720	48243
1721	48227
1722	960
1723	933
1724	946
1725	11155
1726	970
1727	8114
1728	11544
1729	1000
1730	931
1731	959
1732	952
1733	932
1734	953
1735	1478
1736	948
1737	930
1738	951
1739	48194
1740	48233
1741	48193
1742	6288
1743	48190
1744	48215
1745	48219
1746	13773
1747	2820
1748	48220
1749	3435
1750	48247
1751	48212
1752	628
1753	623
1754	7950
1755	1522
1756	11177
1757	3484
1758	48221
1759	681
1760	632
1761	663
1762	651
1763	48211
1764	911
1765	967
1766	4673
1767	4668
1768	4683
1769	4688
1770	3023
1771	4678
1772	4643
1773	4828
1774	4812
1775	4829
1776	4818
1777	4814
1778	4778
1779	4808
1780	1024
1781	4783
1782	4809
1783	4817
1784	3135
1785	4815
1786	4824
1787	4779
1788	4839
1789	4806
1790	4780
1791	682
1792	3134
1793	4837
1794	4826
1795	4811
1796	1501
1797	707
1798	4803
1799	4813
1800	4785
1801	4776
1802	4804
1803	4867
1804	4802
1805	4827
1806	4819
1807	692
1808	4823
1809	4781
1810	3246
1811	4836
1812	4946
1813	3305
1814	3026
1815	4679
1816	3138
1817	4825
1818	1436
1819	4831
1820	1500
1821	4786
1822	4880
1823	688
1824	3038
1825	3176
1826	4689
1827	4687
1828	4713
1829	3035
1830	4708
1831	977
1832	4756
1833	4695
1834	4692
1835	768
1836	4697
1837	4663
1838	4699
1839	3400
1840	3030
1841	1397
1842	4680
1843	3310
1844	4696
1845	3027
1846	4677
1847	4672
1848	50032
1849	1241
1850	50020
1851	10368
1852	1242
1853	4738
1854	4706
1855	4694
1856	5460
1857	1409
1858	1098
1859	5489
1860	5457
1861	4686
1862	4684
1863	4659
1864	3201
1865	4693
1866	4707
1867	974
1868	50046
1869	4665
1870	4703
1871	4690
1872	4712
1873	4711
1874	5157
1875	1263
1876	6613
1877	1117
1878	6589
1879	6602
1880	2761
1881	6596
1882	6568
1883	6610
1884	6595
1885	850
1886	6600
1887	6611
1888	6571
1889	6741
1890	2763
1891	6759
1892	6745
1893	998
1894	6725
1895	6757
1896	6740
1897	6762
1898	6763
1899	6764
1900	2764
1901	6751
1902	1776
1903	1775
1904	6746
1905	997
1906	6750
1907	6747
1908	6758
1909	5158
1910	6635
1911	813
1912	2765
1913	6715
1914	6744
1915	822
1916	6733
1917	5496
1918	836
1919	1486
1920	1487
1921	1505
1922	1507
1923	52205
1924	52206
1925	1632
1926	1612
1927	1633
1928	12419
1929	52207
1930	1695
1931	1693
1932	1697
1933	1694
1934	6752
1935	6755
1936	6749
1937	6748
1938	1819
1939	2766
1940	1535
1941	6753
1942	6570
1943	6616
1944	6619
1945	6879
1946	699
1947	3453
1948	3436
1949	6882
1950	700
1951	6726
1952	720
1953	6770
1954	6754
1955	6881
1956	6883
1957	3434
1958	3440
1959	3455
1960	3456
1961	3454
1962	766
1963	6586
1964	771
1965	1412
1966	807
1967	6594
1968	51619
1969	51599
1970	3487
1971	3519
1972	3452
1973	4790
1974	1041
1975	3311
1976	924
1977	961
1978	942
1979	5506
1980	1639
1981	30872
1982	48013
1983	4820
1984	5598
1985	5594
1986	3528
1987	5639
1988	1316
1989	5629
1990	3726
1991	5608
1992	5587
1993	5595
1994	5596
1995	3772
1996	5593
1997	5655
1998	5565
1999	3774
2000	3770
2001	3780
2002	5585
2003	1317
2004	5648
2005	5638
2006	5580
2007	837
2008	3531
2009	1901
2010	5589
2011	5590
2012	5582
2013	5609
2014	1186
2015	5619
2016	5618
2017	2758
2018	3355
2019	3383
2020	3387
2021	3930
2022	6227
2023	6222
2024	6223
2025	3929
2026	6258
2027	1430
2028	6291
2029	6229
2030	6232
2031	3748
2032	3745
2033	5600
2034	3532
2035	5592
2036	3747
2037	7990
2038	1801
2039	8105
2040	8100
2041	2637
2042	8087
2043	8092
2044	1191
2045	4599
2046	4716
2047	4702
2048	1432
2049	51601
2050	1034
2051	1055
2052	719
2053	744
2054	767
2055	763
2056	995
2057	1296
2058	922
2059	938
2060	1286
2061	1635
2062	1687
2063	777
2064	1259
2065	51590
2066	1075
2067	1493
2068	626
2069	874
2070	680
2071	1009
2072	12320
2073	1318
2074	51612
2075	722
2076	51617
2077	4078
2078	2489
2079	2785
2080	2705
2081	4084
2082	4079
2083	4076
2084	4075
2085	4052
2086	4087
2087	4081
2088	4088
2089	4082
2090	851
2091	4080
2092	4089
2093	4083
2094	2494
2095	4124
2096	4126
2097	2658
2098	3577
2099	5109
2100	5112
2101	5116
2102	3580
2103	5099
2104	5091
2105	5083
2106	5058
2107	5085
2108	5062
2109	1622
2110	5072
2111	5087
2112	1284
2113	1207
2114	5121
2115	5059
2116	3403
2117	904
2118	3393
2119	5063
2120	5088
2121	5092
2122	5133
2123	1192
2124	5129
2125	5130
2126	1029
2127	3407
2128	5086
2129	5061
2130	727
2131	5066
2132	5108
2133	5131
2134	5097
2135	5134
2136	5184
2137	3409
2138	5175
2139	5067
2140	5138
2141	3410
2142	3411
2143	5068
2144	5090
2145	5188
2146	5136
2147	1193
2148	5187
2149	5096
2150	797
2151	5111
2152	3395
2153	5093
2154	5139
2155	5032
2156	5142
2157	3098
2158	5101
2159	5140
2160	1213
2161	5185
2162	5192
2163	5146
2164	5193
2165	5194
2166	5089
2167	5191
2168	5135
2169	1197
2170	3627
2171	3562
2172	3564
2173	5812
2174	5792
2175	5074
2176	1147
2177	5120
2178	5106
2179	1194
2180	5202
2181	802
2182	5215
2183	5205
2184	5203
2185	5216
2186	5172
2187	3560
2188	3184
2189	5197
2190	5208
2191	5189
2192	5190
2193	1206
2194	5166
2195	4190
2196	1047
2197	5814
2198	3569
2199	5828
2200	5815
2201	5833
2202	3567
2203	3566
2204	1424
2205	5810
2206	3572
2207	5830
2208	1330
2209	5834
2210	5816
2211	5784
2212	4189
2213	1810
2214	5796
2215	1813
2216	5804
2217	5806
2218	3565
2219	5819
2220	1814
2221	5800
2222	1422
2223	3573
2224	3951
2225	5836
2226	5823
2227	1212
2228	897
2229	1313
2230	5826
2231	1148
2232	3676
2233	3539
2234	5200
2235	3529
2236	5229
2237	5163
2238	3489
2239	3498
2240	5222
2241	5226
2242	1201
2243	5178
2244	5201
2245	5211
2246	698
2247	3824
2248	5394
2249	3606
2250	5327
2251	3829
2252	5367
2253	3830
2254	5332
2255	5331
2256	5348
2257	1252
2258	5345
2259	5339
2260	5413
2261	5335
2262	3832
2263	804
2264	3611
2265	954
2266	3652
2267	3644
2268	3631
2269	3630
2270	3645
2271	3635
2272	3647
2273	3638
2274	794
2275	3641
2276	1741
2277	3834
2278	3654
2279	5366
2280	3637
2281	5369
2282	3642
2283	3632
2284	3614
2285	5399
2286	5334
2287	833
2288	3299
2289	5373
2290	5376
2291	5462
2292	3831
2293	1297
2294	831
2295	5336
2296	3300
2297	3835
2298	5333
2299	5347
2300	3301
2301	5971
2302	5997
2303	3633
2304	5968
2305	5980
2306	1166
2307	5992
2308	3687
2309	1867
2310	5970
2311	5957
2312	5976
2313	1008
2314	6001
2315	5972
2316	5987
2317	5977
2318	3833
2319	3640
2320	5449
2321	3613
2322	5425
2323	5375
2324	3605
2325	5407
2326	1350
2327	5350
2328	5414
2329	3620
2330	5410
2331	5418
2332	5415
2333	5404
2334	5391
2335	3616
2336	5450
2337	3838
2338	5432
2339	5417
2340	5406
2341	5393
2342	5433
2343	1750
2344	3230
2345	3244
2346	3361
2347	3415
2348	3239
2349	3432
2350	3424
2351	2249
2352	3425
2353	3228
2354	3222
2355	4877
2356	1523
2357	4889
2358	4892
2359	4893
2360	4878
2361	4328
2362	4379
2363	4552
2364	3503
2365	3511
2366	3480
2367	2344
2368	3474
2369	2969
2370	940
2371	2978
2372	2975
2373	2991
2374	1886
2375	2974
2376	2970
2377	2972
2378	2992
2379	2055
2380	2973
2381	3162
2382	3132
2383	3167
2384	3159
2385	3168
2386	2086
2387	3166
2388	3163
2389	3173
2390	3164
2391	3161
2392	3169
2393	2087
2394	2106
2395	2185
2396	3170
2397	2005
2398	3188
2399	3479
2400	3522
2401	3505
2402	3510
2403	778
2404	2347
2405	3475
2406	689
2407	3499
2408	3171
2409	3174
2410	3179
2411	2088
2412	2007
2413	3172
2414	2210
2415	983
2416	1200
2417	3500
2418	3553
2419	3506
2420	3504
2421	3481
2422	3526
2423	1205
2424	3507
2425	3508
2426	3509
2427	3557
2428	2009
2429	2181
2430	2242
2431	3518
2432	3512
2433	1195
2434	1214
2435	1203
2436	2243
2437	3523
2438	3514
2439	3183
2440	3205
2441	3203
2442	3185
2443	2010
2444	3177
2445	3513
2446	3558
2447	1216
2448	3175
2449	3477
2450	3556
2451	3555
2452	721
2453	3664
2454	2090
2455	3743
2456	2464
2457	2091
2458	3178
2459	2093
2460	3180
2461	3182
2462	3209
2463	3668
2464	3705
2465	3686
2466	3677
2467	3728
2468	3706
2469	3713
2470	3695
2471	3694
2472	3732
2473	3697
2474	3696
2475	2014
2476	3612
2477	2016
2478	3181
2479	3190
2480	3133
2481	3727
2482	3731
2483	3734
2484	857
2485	3692
2486	2120
2487	2095
2488	2017
2489	2203
2490	2099
2491	3186
2492	3195
2493	2114
2494	3189
2495	3700
2496	648
2497	3194
2498	2117
2499	2022
2500	3197
2501	3196
2502	3187
2503	3198
2504	3192
2505	2101
2506	2198
2507	2119
2508	3199
2509	1237
2510	3701
2511	3693
2512	1232
2513	3669
2514	1235
2515	1243
2516	3698
2517	3707
2518	3712
2519	3703
2520	1251
2521	724
2522	3714
2523	3746
2524	2105
2525	3214
2526	3200
2527	2122
2528	3191
2529	2107
2530	2108
2531	1002
2532	3215
2533	3204
2534	3216
2535	2035
2536	3210
2537	2212
2538	2211
2539	3202
2540	3212
2541	3253
2542	1246
2543	3702
2544	859
2545	3704
2546	3708
2547	988
2548	3211
2549	3218
2550	3207
2551	3213
2552	1244
2553	3808
2554	1254
2555	3807
2556	3773
2557	3809
2558	2453
2559	3778
2560	3839
2561	3837
2562	3803
2563	3810
2564	3821
2565	3811
2566	3776
2567	3815
2568	3813
2569	3841
2570	3804
2571	3802
2572	3759
2573	3817
2574	3812
2575	3825
2576	3822
2577	624
2578	3827
2579	3848
2580	2650
2581	3818
2582	3217
2583	2501
2584	3816
2585	841
2586	2454
2587	3800
2588	3801
2589	3806
2590	3805
2591	3779
2592	3798
2593	2560
2594	3781
2595	3796
2596	3836
2597	1145
2598	3814
2599	3819
2600	3777
2601	3470
2602	3472
2603	2214
2604	1202
2605	3473
2606	3789
2607	3799
2608	3784
2609	2576
2610	902
2611	3493
2612	1999
2613	1250
2614	3840
2615	669
2616	3794
2617	2499
2618	783
2619	2502
2620	3795
2621	3852
2622	3820
2623	3846
2624	3849
2625	3823
2626	3828
2627	644
2628	1257
2629	3775
2630	3788
2631	737
2632	3782
2633	3785
2634	2436
2635	2534
2636	3792
2637	3760
2638	691
2639	3786
2640	3787
2641	847
2642	2497
2643	844
2644	679
2645	3791
2646	3790
2647	723
2648	1248
2649	2549
2650	3771
2651	2476
2652	814
2653	2477
2654	1258
2655	2481
2656	2542
2657	2540
2658	1238
2659	3783
2660	3226
2661	1899
2662	3793
2663	3769
2664	1245
2665	3768
2666	2428
2667	3766
2668	646
2669	1157
2670	1159
2671	3918
2672	4632
2673	4569
2674	1446
2675	4593
2676	3158
2677	4566
2678	4596
2679	4585
2680	4597
2681	2618
2682	1124
2683	3853
2684	1121
2685	3856
2686	1158
2687	2460
2688	3855
2689	3928
2690	3851
2691	4570
2692	4601
2693	4603
2694	4540
2695	4571
2696	4602
2697	4590
2698	3865
2699	3927
2700	4604
2701	3893
2702	3873
2703	3952
2704	3871
2705	3869
2706	4591
2707	4589
2708	3921
2709	1164
2710	3898
2711	3881
2712	3872
2713	934
2714	3959
2715	3882
2716	3889
2717	3906
2718	4544
2719	4575
2720	4547
2721	4576
2722	4545
2723	3892
2724	3971
2725	3963
2726	3909
2727	2457
2728	5328
2729	3297
2730	3278
2731	3280
2732	11547
2733	3236
2734	1931
2735	937
2736	3586
2737	3571
2738	3581
2739	3570
2740	3617
2741	3575
2742	1152
2743	3589
2744	3585
2745	3561
2746	2401
2747	3594
2748	3576
2749	3579
2750	1155
2751	1071
2752	3574
2753	3582
2754	3601
2755	3588
2756	3550
2757	3596
2758	3593
2759	2274
2760	3598
2761	3591
2762	3595
2763	2275
2764	3592
2765	3590
2766	1085
2767	1781
2768	1803
2769	1787
2770	1786
2771	3679
2772	3691
2773	3730
2774	2361
2775	3663
2776	3671
2777	3670
2778	3741
2779	3715
2780	2039
2781	1007
2782	3208
2783	2042
2784	3233
2785	3242
2786	730
2787	3269
2788	3231
2789	3710
2790	3254
2791	3688
2792	3665
2793	2362
2794	3672
2795	3709
2796	3724
2797	3227
2798	3219
2799	3223
2800	3720
2801	855
2802	2034
2803	3225
2804	987
2805	3165
2806	1271
2807	3729
2808	3756
2809	3764
2810	785
2811	3762
2812	3735
2813	3733
2814	3229
2815	808
2816	2495
2817	3797
2818	815
2819	1143
2820	810
2821	2539
2822	3744
2823	2213
2824	3753
2825	2019
2826	3674
2827	3662
2828	873
2829	3666
2830	3667
2831	3657
2832	4252
2833	6399
2834	6380
2835	6382
2836	6381
2837	6306
2838	3316
2839	3314
2840	3330
2841	3312
2842	3322
2843	3313
2844	3332
2845	3319
2846	2186
2847	3318
2848	2183
2849	3342
2850	3325
2851	2718
2852	2184
2853	3323
2854	3290
2855	3315
2856	3339
2857	3320
2858	3317
2859	1017
2860	3289
2861	3350
2862	3359
2863	3334
2864	3333
2865	3335
2866	3336
2867	2547
2868	1003
2869	2435
2870	3765
2871	3754
2872	1268
2873	4471
2874	4475
2875	4424
2876	4416
2877	4427
2878	4417
2879	4495
2880	4480
2881	4496
2882	4513
2883	4494
2884	4515
2885	4428
2886	4429
2887	4508
2888	4512
2889	4500
2890	4551
2891	4437
2892	4405
2893	4511
2894	1229
2895	4507
2896	3464
2897	3488
2898	3496
2899	3465
2900	2204
2901	3490
2902	3467
2903	3491
2904	2341
2905	3495
2906	3469
2907	1093
2908	4506
2909	4488
2910	4489
2911	4510
2912	4490
2913	4501
2914	4487
2915	4525
2916	4439
2917	4426
2918	4401
2919	4443
2920	4497
2921	772
2922	32056
2923	5049
2924	32117
2925	9518
2926	32129
2927	5055
2928	32100
2929	32099
2930	9522
2931	32123
2932	32105
2933	32101
2934	32072
2935	5604
2936	4456
2937	32106
2938	31613
2939	4704
2940	4890
2941	4888
2942	2325
2943	10174
2944	1170
2945	10148
2946	10150
2947	6503
2948	2893
2949	2351
2950	10033
2951	1993
2952	2300
2953	2187
2954	2305
2955	10035
2956	10151
2957	10154
2958	10156
2959	10175
2960	10155
2961	2327
2962	1234
2963	2312
2964	10166
2965	2329
2966	10159
2967	2330
2968	10177
2969	10184
2970	1997
2971	1850
2972	10161
2973	3497
2974	3608
2975	1675
2976	4654
2977	1490
2978	4722
2979	4105
2980	4565
2981	4568
2982	4650
2983	2807
2984	4651
2985	3433
2986	3451
2987	819
2988	994
2989	1417
2990	10179
2991	10157
2992	2311
2993	6736
2994	6742
2995	10140
2996	10182
2997	2321
2998	10171
2999	2332
3000	2313
3001	1728
3002	1283
3003	8184
3004	8273
3005	8282
3006	8275
3007	2370
3008	1398
3009	8299
3010	1399
3011	8202
3012	8206
3013	8205
3014	8197
3015	8204
3016	8209
3017	8253
3018	8221
3019	8211
3020	8223
3021	8218
3022	8236
3023	8227
3024	8240
3025	8242
3026	8229
3027	1653
3028	8210
3029	8213
3030	2094
3031	8231
3032	8225
3033	8235
3034	8237
3035	8186
3036	2202
3037	2092
3038	8230
3039	1654
3040	2102
3041	8238
3042	8224
3043	2368
3044	8243
3045	8256
3046	8252
3047	8260
3048	8262
3049	8264
3050	8248
3051	8266
3052	8268
3053	8270
3054	8274
3055	8263
3056	800
3057	8265
3058	8284
3059	6401
3060	8216
3061	791
3062	8214
3063	8228
3064	8217
3065	8192
3066	8193
3067	8194
3068	8222
3069	8283
3070	2097
3071	1811
3072	6407
3073	8189
3074	8215
3075	8241
3076	2207
3077	8247
3078	8234
3079	8226
3080	6408
3081	8190
3082	789
3083	8191
3084	2369
3085	8200
3086	6409
3087	2100
3088	8259
3089	8232
3090	8308
3091	2215
3092	8251
3093	8239
3094	8246
3095	6412
3096	2217
3097	2376
3098	8254
3099	2226
3100	8245
3101	907
3102	8307
3103	8249
3104	1275
3105	8220
3106	8297
3107	8303
3108	8315
3109	8321
3110	8195
3111	8327
3112	799
3113	8301
3114	1652
3115	2379
3116	1287
3117	6420
3118	2371
3119	1719
3120	8244
3121	1300
3122	1294
3123	4431
3124	4430
3125	8198
3126	4163
3127	6270
3128	6297
3129	6293
3130	3895
3131	6278
3132	6277
3133	846
3134	6318
3135	6235
3136	6272
3137	6274
3138	2029
3139	6295
3140	6241
3141	6275
3142	2031
3143	6298
3144	6271
3145	3942
3146	4667
3147	9792
3148	1672
3149	9830
3150	973
3151	6526
3152	2061
3153	9778
3154	4967
3155	7075
3156	7040
3157	1548
3158	7069
3159	7090
3160	7064
3161	7091
3162	7026
3163	2987
3164	9814
3165	9779
3166	7084
3167	2062
3168	9781
3169	9785
3170	9791
3171	1930
3172	1929
3173	9783
3174	1616
3175	1547
3176	7079
3177	7058
3178	1620
3179	9812
3180	9829
3181	9803
3182	9802
3183	9809
3184	6528
3185	9805
3186	9832
3187	2346
3188	9804
3189	9837
3190	7066
3191	6530
3192	9826
3193	2558
3194	9687
3195	1932
3196	9808
3197	9807
3198	2374
3199	1624
3200	9823
3201	6449
3202	996
3203	5787
3204	5917
3205	5818
3206	1575
3207	5727
3208	1449
3209	878
3210	5750
3211	6402
3212	6415
3213	6456
3214	6093
3215	6437
3216	6434
3217	6393
3218	6441
3219	5297
3220	5296
3221	6376
3222	6426
3223	6446
3224	6444
3225	6367
3226	6396
3227	6391
3228	1721
3229	6363
3230	6386
3231	6384
3232	6369
3233	6364
3234	6366
3235	6395
3236	6342
3237	1883
3238	6365
3239	6336
3240	1326
3241	1408
3242	6445
3243	6428
3244	1140
3245	982
3246	6385
3247	6371
3248	1576
3249	6388
3250	1239
3251	1726
3252	5710
3253	5707
3254	5705
3255	773
3256	6377
3257	5728
3258	5720
3259	1050
3260	1447
3261	6862
3262	1503
3263	2319
3264	7761
3265	7719
3266	1423
3267	4138
3268	4137
3269	5989
3270	5990
3271	7971
3272	8023
3273	7910
3274	8384
3275	8376
3276	765
3277	2482
3278	8398
3279	8379
3280	1549
3281	8403
3282	1481
3283	8380
3284	7762
3285	8400
3286	8381
3287	8382
3288	1461
3289	7756
3290	8408
3291	4151
3292	1265
3293	8394
3294	2487
3295	8401
3296	8423
3297	1467
3298	1484
3299	8399
3300	2595
3301	8378
3302	7755
3303	7782
3304	2776
3305	2821
3306	8407
3307	2841
3308	2491
3309	8412
3310	2839
3311	1386
3312	8426
3313	1561
3314	1688
3315	8406
3316	8424
3317	2854
3318	8404
3319	7751
3320	8430
3321	944
3322	8405
3323	4159
3324	7779
3325	2493
3326	8415
3327	2498
3328	1562
3329	2905
3330	8410
3331	8427
3332	2926
3333	2076
3334	7995
3335	4161
3336	4160
3337	8453
3338	8452
3339	1698
3340	8454
3341	8460
3342	2507
3343	8471
3344	1527
3345	1389
3346	1544
3347	8473
3348	8455
3349	8411
3350	8417
3351	8433
3352	8434
3353	1631
3354	1385
3355	8414
3356	2919
3357	2917
3358	8431
3359	8432
3360	2961
3361	8421
3362	1387
3363	8413
3364	8416
3365	7781
3366	7848
3367	8429
3368	2977
3369	1227
3370	2070
3371	8440
3372	2979
3373	8445
3374	2223
3375	7784
3376	7783
3377	8437
3378	3072
3379	1225
3380	8390
3381	3087
3382	7754
3383	3077
3384	3089
3385	3090
3386	3093
3387	7750
3388	8436
3389	8419
3390	2221
3391	2503
3392	1566
3393	1767
3394	2326
3395	7780
3396	884
3397	1733
3398	8442
3399	8443
3400	7808
3401	7787
3402	7760
3403	1264
3404	7786
3405	7796
3406	7807
3407	7791
3408	7789
3409	7809
3410	7758
3411	7793
3412	2335
3413	2075
3414	1285
3415	7814
3416	7811
3417	4162
3418	7753
3419	7951
3420	7801
3421	8461
3422	1709
3423	8450
3424	7785
3425	2488
3426	1532
3427	8082
3428	8418
3429	2490
3430	8420
3431	695
3432	8369
3433	7788
3434	1560
3435	8402
3436	1378
3437	1222
3438	1160
3439	1185
3440	1165
3441	8425
3442	1401
3443	1416
3444	2224
3445	4164
3446	8435
3447	8439
3448	1468
3449	8483
3450	8438
3451	4165
3452	1418
3453	8458
3454	7759
3455	8459
3456	8470
3457	8462
3458	827
3459	8457
3460	8465
3461	786
3462	2008
3463	8449
3464	8466
3465	2509
3466	8451
3467	1634
3468	1567
3469	8474
3470	7816
3471	7954
3472	7805
3473	1488
3474	7797
3475	2511
3476	8492
3477	8456
3478	7928
3479	1655
3480	8428
3481	7763
3482	4167
3483	8488
3484	1161
3485	1221
3486	8120
3487	936
3488	8467
3489	1388
3490	1370
3491	4170
3492	7765
3493	8477
3494	8472
3495	8482
3496	4168
3497	7944
3498	1987
3499	8507
3500	8490
3501	1178
3502	1180
3503	1640
3504	8491
3505	4171
3506	1644
3507	8485
3508	2240
3509	1703
3510	2514
3511	1438
3512	1696
3513	4172
3514	8803
3515	2418
3516	9106
3517	8966
3518	8838
3519	9442
3520	2845
3521	9429
3522	9432
3523	9443
3524	9436
3525	9415
3526	2314
3527	9435
3528	9412
3529	1018
3530	9099
3531	2411
3532	8780
3533	9437
3534	9413
3535	1013
3536	9414
3537	4728
3538	2559
3539	1187
3540	9385
3541	2565
3542	9438
3543	8776
3544	8855
3545	9458
3546	9472
3547	2859
3548	2564
3549	2852
3550	2844
3551	9427
3552	1336
3553	9426
3554	9419
3555	8934
3556	4731
3557	1836
3558	1610
3559	9421
3560	9416
3561	4733
3562	9448
3563	8781
3564	9422
3565	2286
3566	8994
3567	1742
3568	8981
3569	8978
3570	8971
3571	8979
3572	8974
3573	1746
3574	8988
3575	2722
3576	1738
3577	8976
3578	8977
3579	8995
3580	2724
3581	9005
3582	2725
3583	1739
3584	2285
3585	2316
3586	9006
3587	5303
3588	5995
3589	5993
3590	5994
3591	5602
3592	5306
3593	5279
3594	1339
3595	1162
3596	5921
3597	5888
3598	5918
3599	5937
3600	9475
3601	2858
3602	2419
3603	1337
3604	9473
3605	8972
3606	729
3607	1795
3608	8965
3609	8873
3610	2322
3611	9474
3612	1618
3613	9477
3614	9461
3615	9481
3616	9485
3617	8801
3618	8825
3619	8813
3620	8827
3621	2417
3622	1638
3623	1780
3624	9459
3625	9452
3626	8810
3627	1584
3628	9468
3629	8983
3630	8975
3631	2284
3632	2452
3633	9001
3634	8996
3635	769
3636	9440
3637	1043
3638	2458
3639	1176
3640	8783
3641	9455
3642	1504
3643	1086
3644	8982
3645	8987
3646	8985
3647	830
3648	8986
3649	9003
3650	9002
3651	775
3652	9446
3653	9425
3654	4734
3655	2455
3656	8989
3657	8999
3658	2459
3659	8779
3660	8980
3661	9000
3662	9008
3663	8871
3664	2461
3665	9012
3666	1046
3667	9011
3668	8990
3669	9449
3670	2317
3671	9433
3672	9423
3673	8800
3674	1577
3675	2456
3676	2462
3677	1578
3678	1798
3679	1794
3680	8953
3681	8998
3682	1744
3683	2729
3684	9453
3685	1540
3686	9439
3687	1833
3688	1659
3689	1747
3690	762
3691	1834
3692	1755
3693	9489
3694	8777
3695	1710
3696	1751
3697	2855
3698	1731
3699	1649
3700	2408
3701	1068
3702	1536
3703	1539
3704	1986
3705	1965
3706	1963
3707	1777
3708	9460
3709	1983
3710	4732
3711	9463
3712	9441
3713	3097
3714	6575
3715	6605
3716	3999
3717	4001
3718	7577
3719	7575
3720	7573
3721	7580
3722	7593
3723	7576
3724	1919
3725	9503
3726	9491
3727	9495
3728	9490
3729	9487
3730	1181
3731	5010
3732	3052
3733	2566
3734	3092
3735	9406
3736	7092
3737	7093
3738	7119
3739	2856
3740	2323
3741	3071
3742	9457
3743	7078
3744	7050
3745	7098
3746	7077
3747	2109
3748	3450
3749	3559
3750	3396
3751	3397
3752	3552
3753	1231
3754	5300
3755	5305
3756	1492
3757	5282
3758	5979
3759	5996
3760	5984
3761	1808
3762	5307
3763	5283
3764	1804
3765	5985
3766	3401
3767	3419
3768	3405
3769	3404
3770	2150
3771	3380
3772	1048
3773	3423
3774	3426
3775	3422
3776	3437
3777	3438
3778	3416
3779	3417
3780	7161
3781	7556
3782	7537
3783	3967
3784	7065
3785	7469
3786	7477
3787	7549
3788	1674
3789	1673
3790	9450
3791	1676
3792	1923
3793	1842
3794	7489
3795	2236
3796	7516
3797	7514
3798	7487
3799	7488
3800	3968
3801	7481
3802	7476
3803	7468
3804	7475
3805	6845
3806	7484
3807	1538
3808	7483
3809	1995
3810	1990
3811	1433
3812	2237
3813	7482
3814	1705
3815	1420
3816	1426
3817	7494
3818	7493
3819	1959
3820	9493
3821	1773
3822	779
3823	2407
3824	8752
3825	1534
3826	1789
3827	1835
3828	2870
3829	6850
3830	1643
3831	7480
3832	3516
3833	1825
3834	5924
3835	1049
3836	5928
3837	5952
3838	1127
3839	1125
3840	5929
3841	5946
3842	5930
3843	2406
3844	2405
3845	2686
3846	1016
3847	1343
3848	1827
3849	9420
3850	2886
3851	2881
3852	9447
3853	1658
3854	8840
3855	8809
3856	1768
3857	2413
3858	8816
3859	8814
3860	1774
3861	8841
3862	3406
3863	3568
3864	3402
3865	3374
3866	5599
3867	1526
3868	5471
3869	5932
3870	5927
3871	5936
3872	3525
3873	5935
3874	2155
3875	2156
3876	5965
3877	2157
3878	1069
3879	3412
3880	3413
3881	5934
3882	8815
3883	1081
3884	2412
3885	8784
3886	8805
3887	8826
3888	2414
3889	8857
3890	2421
3891	8785
3892	2191
3893	4735
3894	8842
3895	8843
3896	8818
3897	8812
3898	8821
3899	1845
3900	9451
3901	1665
3902	9454
3903	9471
3904	1011
3905	1839
3906	9507
3907	9496
3908	3392
3909	3394
3910	7209
3911	7205
3912	7186
3913	4225
3914	1308
3915	3369
3916	3390
3917	2143
3918	3391
3919	3398
3920	2146
3921	3373
3922	2229
3923	6674
3924	6509
3925	6502
3926	6576
3927	1860
3928	1871
3929	7200
3930	7210
3931	7193
3932	6573
3933	6529
3934	7204
3935	7190
3936	7213
3937	7195
3938	4233
3939	2023
3940	1463
3941	3379
3942	3414
3943	1679
3944	5176
3945	5231
3946	6516
3947	1411
3948	6527
3949	2048
3950	6519
3951	6531
3952	6533
3953	6484
3954	6522
3955	7201
3956	7181
3957	4241
3958	1898
3959	7188
3960	7202
3961	7182
3962	1307
3963	7189
3964	7197
3965	4234
3966	2231
3967	1469
3968	7215
3969	7203
3970	1471
3971	7216
3972	2233
3973	7198
3974	2234
3975	6709
3976	6821
3977	7139
3978	2206
3979	1305
3980	7179
3981	6684
3982	6493
3983	2241
3984	7184
3985	7220
3986	7171
3987	1138
3988	6520
3989	1497
3990	6480
3991	6497
3992	6521
3993	1861
3994	6499
3995	6518
3996	2050
3997	6517
3998	4242
3999	6542
4000	2261
4001	7214
4002	7208
4003	2026
4004	1498
4005	6472
4006	1280
4007	7234
4008	7212
4009	7229
4010	1928
4011	7232
4012	2052
4013	6494
4014	6523
4015	2053
4016	7223
4017	1262
4018	6487
4019	6675
4020	6685
4021	1179
4022	6511
4023	6512
4024	1858
4025	6532
4026	1133
4027	6488
4028	6489
4029	1464
4030	7168
4031	2013
4032	7175
4033	1806
4034	6690
4035	4249
4036	4247
4037	6539
4038	6534
4039	1404
4040	4261
4041	6540
4042	2057
4043	6549
4044	6737
4045	6703
4046	6590
4047	6547
4048	4260
4049	6552
4050	4259
4051	4251
4052	7192
4053	1910
4054	7170
4055	1915
4056	6513
4057	6514
4058	2232
4059	1466
4060	2228
4061	6560
4062	1415
4063	6561
4064	4262
4065	1473
4066	7238
4067	6525
4068	8820
4069	1289
4070	6722
4071	1600
4072	7211
4073	7191
4074	1734
4075	7236
4076	6555
4077	6562
4078	6544
4079	7194
4080	7187
4081	7183
4082	6546
4083	6569
4084	1277
4085	7207
4086	4265
4087	4264
4088	4492
4089	3065
4090	879
4091	8444
4092	8495
4093	1302
4094	8475
4095	2614
4096	990
4097	8464
4098	955
4099	3068
4100	8003
4101	1966
4102	1483
4103	8530
4104	8516
4105	8555
4106	1951
4107	8508
4108	7444
4109	6800
4110	1818
4111	1516
4112	6719
4113	7387
4114	1972
4115	7406
4116	7408
4117	7392
4118	1376
4119	1974
4120	1980
4121	1973
4122	7386
4123	7409
4124	7394
4125	7389
4126	7365
4127	7407
4128	7396
4129	7400
4130	7402
4131	1979
4132	7383
4133	7381
4134	1968
4135	7380
4136	7401
4137	7382
4138	3370
4139	3389
4140	3357
4141	1969
4142	1976
4143	7410
4144	7388
4145	7411
4146	1970
4147	7420
4148	3931
4149	7456
4150	4201
4151	2734
4152	4134
4153	4188
4154	2733
4155	4166
4156	4217
4157	4176
4158	7418
4159	1403
4160	1402
4161	7450
4162	7451
4163	7452
4164	1991
4165	7453
4166	2735
4167	8289
4168	8292
4169	8293
4170	7639
4171	8271
4172	4169
4173	1410
4174	2025
4175	1494
4176	5909
4177	1572
4178	1580
4179	5914
4180	4491
4181	7803
4182	7826
4183	1962
4184	919
4185	2590
4186	1627
4187	1455
4188	2592
4189	1625
4190	8113
4191	2178
4192	899
4193	8463
4194	1712
4195	2318
4196	1717
4197	8496
4198	1724
4199	8484
4200	7795
4201	1172
4202	8656
4203	8476
4204	8478
4205	8489
4206	1967
4207	8469
4208	1812
4209	1815
4210	1859
4211	2615
4212	8486
4213	8468
4214	2429
4215	7806
4216	7837
4217	7835
4218	8446
4219	8447
4220	4498
4221	2602
4222	7821
4223	1831
4224	7832
4225	7839
4226	1677
4227	2603
4228	1456
4229	1629
4230	2430
4231	2606
4232	4502
4233	4505
4234	2605
4235	2610
4236	1964
4237	2607
4238	2611
4239	7978
4240	1506
4241	2182
4242	8500
4243	1533
4244	2161
4245	8479
4246	8539
4247	4297
4248	8514
4249	1491
4250	8509
4251	1495
4252	8520
4253	8525
4254	4298
4255	1543
4256	8526
4257	1701
4258	8512
4259	8513
4260	8510
4261	1763
4262	4301
4263	4302
4264	8532
4265	8545
4266	8533
4267	4300
4268	8517
4269	7925
4270	7882
4271	4309
4272	1597
4273	8535
4274	8548
4275	8538
4276	7921
4277	8653
4278	4308
4279	1646
4280	2599
4281	1740
4282	2596
4283	1645
4284	1642
4285	8515
4286	2584
4287	1641
4288	4307
4289	8666
4290	900
4291	8031
4292	8008
4293	2432
4294	7829
4295	7828
4296	2571
4297	8012
4298	4503
4299	2176
4300	1711
4301	8011
4302	8032
4303	2159
4304	1680
4305	8487
4306	7890
4307	2163
4308	8506
4309	1458
4310	8009
4311	1573
4312	7985
4313	1552
4314	7939
4315	916
4316	2367
4317	1608
4318	8022
4319	2449
4320	8645
4321	8646
4322	3086
4323	8647
4324	8673
4325	8651
4326	8682
4327	8654
4328	3095
4329	1826
4330	7988
4331	4595
4332	8665
4333	2667
4334	8030
4335	1183
4336	8667
4337	1072
4338	8660
4339	4607
4340	1823
4341	8672
4342	2662
4343	8685
4344	1662
4345	8669
4346	8659
4347	2496
4348	7956
4349	8662
4350	8671
4351	8670
4352	2677
4353	8676
4354	8634
4355	8675
4356	3103
4357	8635
4358	1189
4359	8000
4360	8661
4361	4618
4362	8029
4363	8061
4364	4615
4365	8024
4366	2174
4367	4617
4368	8690
4369	1510
4370	8678
4371	8702
4372	1190
4373	11571
4374	11565
4375	11570
4376	11566
4377	11487
4378	11575
4379	11567
4380	11584
4381	12231
4382	11514
4383	11553
4384	3249
4385	11572
4386	1981
4387	11561
4388	11555
4389	11557
4390	1334
4391	11559
4392	11577
4393	5174
4394	5045
4395	1094
4396	9872
4397	1844
4398	9848
4399	9902
4400	9916
4401	9899
4402	9922
4403	9917
4404	4504
4405	4481
4406	10656
4407	10663
4408	10652
4409	9879
4410	9923
4411	9901
4412	4482
4413	2904
4414	9905
4415	9908
4416	2593
4417	2589
4418	2588
4419	1889
4420	11236
4421	11191
4422	877
4423	11230
4424	2681
4425	7739
4426	11961
4427	11525
4428	11719
4429	1530
4430	4737
4431	4760
4432	4762
4433	12233
4434	2704
4435	12217
4436	4736
4437	4782
4438	4750
4439	11493
4440	11463
4441	12254
4442	3054
4443	11466
4444	4117
4445	11511
4446	12232
4447	781
4448	11633
4449	3073
4450	2702
4451	1961
4452	2753
4453	2750
4454	11495
4455	12224
4456	12227
4457	11520
4458	11502
4459	11503
4460	11508
4461	11524
4462	11478
4463	11543
4464	1939
4465	12276
4466	12285
4467	1920
4468	11545
4469	968
4470	7931
4471	984
4472	1760
4473	11541
4474	5963
4475	5978
4476	2415
4477	3609
4478	3628
4479	2303
4480	3621
4481	3767
4482	2304
4483	3610
4484	7907
4485	6207
4486	4558
4487	5104
4488	3418
4489	3947
4490	2621
4491	4113
4492	4404
4493	1274
4494	4388
4495	4367
4496	4359
4497	1273
4498	4387
4499	4413
4500	4383
4501	4381
4502	4415
4503	4382
4504	4398
4505	4414
4506	4396
4507	4384
4508	4357
4509	4546
4510	1276
4511	4386
4512	4361
4513	4406
4514	2740
4515	4390
4516	2743
4517	4354
4518	4408
4519	2298
4520	2353
4521	4394
4522	4395
4523	4360
4524	4391
4525	1328
4526	4389
4527	4397
4528	2423
4529	4605
4530	4610
4531	4592
4532	2895
4533	4574
4534	4682
4535	4740
4536	4700
4537	3160
4538	4664
4539	4727
4540	2936
4541	4685
4542	4655
4543	4681
4544	2935
4545	4658
4546	4719
4547	1367
4548	1067
4549	2594
4550	4705
4551	1369
4552	4660
4553	4726
4554	4701
4555	4666
4556	4744
4557	4691
4558	4662
4559	4669
4560	4749
4561	2940
4562	1373
4563	4710
4564	4671
4565	4674
4566	4675
4567	4764
4568	4725
4569	4765
4570	4748
4571	4746
4572	4729
4573	2944
4574	4715
4575	1371
4576	1118
4577	4718
4578	4698
4579	1375
4580	4775
4581	4797
4582	4773
4583	3427
4584	3366
4585	3364
4586	4334
4587	1290
4588	4291
4589	4316
4590	4311
4591	4332
4592	4337
4593	4339
4594	4351
4595	4290
4596	4296
4597	4326
4598	4338
4599	4330
4600	2684
4601	4346
4602	4303
4603	2683
4604	4331
4605	4317
4606	2693
4607	4353
4608	4362
4609	4344
4610	4292
4611	4342
4612	4320
4613	4373
4614	4347
4615	4329
4616	4348
4617	4370
4618	4295
4619	4484
4620	4315
4621	4356
4622	1266
4623	4319
4624	4321
4625	4336
4626	4310
4627	4322
4628	981
4629	4238
4630	4235
4631	4263
4632	4454
4633	4436
4634	4447
4635	4425
4636	4421
4637	4452
4638	4432
4639	4450
4640	2739
4641	4422
4642	4433
4643	4451
4644	4476
4645	4434
4646	4403
4647	4459
4648	4435
4649	4445
4650	4455
4651	4444
4652	1303
4653	4392
4654	4393
4655	4587
4656	4440
4657	4458
4658	4441
4659	4448
4660	4469
4661	4438
4662	4499
4663	1288
4664	2737
4665	4463
4666	4598
4667	4418
4668	4400
4669	4449
4670	4420
4671	4453
4672	4461
4673	980
4674	4419
4675	2749
4676	3446
4677	3408
4678	3385
4679	3431
4680	4517
4681	2748
4682	3681
4683	3636
4684	3639
4685	3367
4686	3368
4687	2587
4688	4410
4689	4464
4690	4474
4691	3961
4692	2617
4693	4411
4694	4412
4695	4446
4696	2993
4697	4486
4698	4423
4699	4478
4700	4335
4701	4378
4702	4349
4703	4457
4704	4485
4705	4442
4706	2762
4707	1310
4708	1309
4709	4479
4710	2760
4711	4399
4712	4468
4713	4622
4714	3193
4715	3363
4716	3399
4717	4182
4718	4002
4719	4025
4720	3224
4721	5256
4722	1314
4723	5230
4724	5240
4725	5250
4726	5225
4727	3428
4728	3989
4729	3993
4730	4019
4731	4026
4732	4009
4733	1217
4734	5278
4735	1413
4736	6255
4737	6955
4738	6956
4739	6959
4740	4192
4741	4179
4742	5252
4743	5263
4744	5243
4745	5244
4746	5245
4747	5217
4748	4227
4749	4198
4750	4173
4751	4174
4752	4199
4753	2669
4754	4196
4755	2653
4756	6957
4757	6263
4758	1470
4759	6964
4760	6986
4761	10465
4762	10514
4763	10489
4764	1557
4765	4852
4766	4869
4767	4863
4768	10520
4769	11257
4770	11945
4771	1838
4772	11222
4773	2604
4774	11969
4775	2802
4776	11965
4777	2394
4778	11978
4779	11283
4780	11220
4781	2712
4782	2746
4783	12220
4784	2742
4785	2747
4786	12216
4787	12240
4788	4324
4789	12239
4790	2798
4791	12246
4792	11492
4793	11494
4794	11512
4795	12242
4796	8763
4797	11491
4798	11509
4799	2478
4800	11658
4801	11469
4802	11490
4803	11510
4804	11648
4805	11670
4806	11662
4807	11650
4808	11688
4809	1822
4810	11682
4811	1816
4812	11669
4813	11659
4814	8908
4815	11595
4816	1445
4817	1621
4818	12256
4819	12255
4820	11552
4821	12277
4822	11717
4823	11563
4824	11560
4825	2149
4826	1934
4827	12259
4828	12260
4829	2320
4830	11609
4831	11556
4832	11562
4833	11722
4834	11578
4835	11583
4836	11580
4837	11573
4838	2158
4839	11613
4840	11526
4841	11574
4842	2882
4843	4140
4844	11612
4845	11590
4846	11714
4847	1765
4848	11546
4849	8833
4850	3036
4851	2500
4852	11706
4853	11550
4854	11528
4855	2271
4856	11585
4857	2492
4858	11551
4859	8831
4860	11724
4861	11579
4862	4150
4863	11598
4864	4145
4865	11600
4866	17953
4867	17989
4868	18002
4869	5926
4870	5304
4871	5325
4872	5916
4873	5310
4874	5312
4875	5324
4876	5443
4877	5969
4878	1686
4879	5953
4880	5959
4881	6006
4882	1651
4883	3534
4884	5958
4885	6430
4886	6403
4887	6400
4888	6411
4889	6418
4890	6387
4891	6404
4892	6406
4893	6343
4894	3684
4895	7221
4896	7222
4897	2188
4898	21106
4899	1509
4900	11848
4901	11828
4902	1073
4903	11976
4904	11986
4905	11968
4906	11970
4907	11946
4908	11997
4909	11971
4910	4559
4911	11974
4912	11987
4913	1937
4914	11991
4915	11967
4916	8320
4917	11989
4918	2216
4919	11972
4920	11993
4921	11994
4922	11977
4923	11982
4924	11984
4925	11975
4926	11973
4927	11999
4928	1817
4929	12000
4930	12001
4931	11988
4932	12002
4933	12011
4934	12022
4935	11949
4936	11981
4937	12004
4938	11980
4939	11995
4940	12008
4941	11950
4942	11983
4943	12012
4944	11996
4945	8342
4946	12024
4947	11955
4948	2365
4949	4562
4950	12010
4951	11992
4952	12040
4953	12019
4954	11956
4955	11958
4956	1809
4957	11952
4958	11951
4959	11964
4960	8317
4961	11979
4962	12007
4963	11966
4964	8325
4965	11998
4966	8323
4967	27356
4968	12094
4969	1802
4970	12096
4971	12070
4972	2391
4973	12076
4974	12063
4975	12075
4976	2280
4977	12087
4978	12112
4979	12073
4980	12097
4981	12101
4982	2279
4983	12089
4984	12114
4985	12074
4986	12110
4987	1349
4988	12100
4989	12109
4990	12085
4991	12065
4992	9793
4993	12111
4994	1531
4995	12108
4996	12086
4997	2486
4998	12119
4999	12102
5000	12103
5001	918
5002	2484
5003	12091
5004	2483
5005	12098
5006	12106
5007	12099
5008	12088
5009	12107
5010	9790
5011	12118
5012	12058
5013	12121
5014	12120
5015	12123
5016	12105
5017	12095
5018	12068
5019	1299
5020	12113
5021	12104
5022	12115
5023	1298
5024	12150
5025	12093
5026	12116
5027	12140
5028	12117
5029	8386
5030	1345
5031	12083
5032	2283
5033	12084
5034	2239
5035	12130
5036	9787
5037	12064
5038	12060
5039	12072
5040	12132
5041	12149
5042	774
5043	8387
5044	12137
5045	1324
5046	1796
5047	27573
5048	27526
5049	27535
5050	4141
5051	27518
5052	12067
5053	1820
5054	12090
5055	866
5056	1954
5057	2396
5058	12092
5059	2238
5060	2479
5061	12122
5062	12135
5063	1830
5064	12158
5065	12131
5066	2402
5067	12146
5068	12126
5069	12148
5070	1828
5071	12138
5072	12133
5073	12165
5074	12163
5075	12162
5076	12161
5077	12142
5078	1989
5079	12144
5080	12127
5081	12152
5082	12141
5083	12143
5084	12134
5085	12124
5086	12125
5087	1267
5088	12136
5089	12129
5090	12147
5091	12173
5092	1537
5093	12167
5094	2399
5095	4612
5096	1400
5097	12128
5098	776
5099	12153
5100	8422
5101	12145
5102	12139
5103	1829
5104	12155
5105	12169
5106	12154
5107	12157
5108	1123
5109	1799
5110	1732
5111	2288
5112	12170
5113	1832
5114	12166
5115	12179
5116	12178
5117	3442
5118	12156
5119	12172
5120	12182
5121	12164
5122	3448
5123	1546
5124	2290
5125	12159
5126	1352
5127	12160
5128	8719
5129	1994
5130	12190
5131	12211
5132	12174
5133	875
5134	15568
5135	12586
5136	12595
5137	12587
5138	12593
5139	13529
5140	1992
5141	12181
5142	12180
5143	1304
5144	12151
5145	12204
5146	2253
5147	12168
5148	2294
5149	2289
5150	12171
5151	4613
5152	1837
5153	4676
5154	6296
5155	6317
5156	6316
5157	6260
5158	6314
5159	6344
5160	7431
5161	1849
5162	10729
5163	10711
5164	10731
5165	10670
5166	10730
5167	10719
5168	10742
5169	10744
5170	3107
5171	10700
5172	3113
5173	10715
5174	10718
5175	10741
5176	10685
5177	10738
5178	10740
5179	10717
5180	10720
5181	10765
5182	1840
5183	10764
5184	10690
5185	10716
5186	10709
5187	10732
5188	10734
5189	10733
5190	10710
5191	1210
5192	10714
5193	2044
5194	10736
5195	10712
5196	10726
5197	10752
5198	10748
5199	10749
5200	10722
5201	10735
5202	10706
5203	10713
5204	10783
5205	10702
5206	10705
5207	10723
5208	10369
5209	10753
5210	10391
5211	10412
5212	10393
5213	10392
5214	10737
5215	10725
5216	8869
5217	10743
5218	1807
5219	1843
5220	7416
5221	10724
5222	10699
5223	10745
5224	10739
5225	10721
5226	10691
5227	7680
5228	10388
5229	10689
5230	10750
5231	4139
5232	2046
5233	10751
5234	4133
5235	7686
5236	1671
5237	1769
5238	7419
5239	10756
5240	10746
5241	10727
5242	1977
5243	10425
5244	2170
5245	8684
5246	2002
5247	8655
5248	2466
5249	870
5250	2472
5251	1542
5252	2465
5253	947
5254	2393
5255	10434
5256	10371
5257	10370
5258	10421
5259	10401
5260	10422
5261	10374
5262	10420
5263	10405
5264	10397
5265	10403
5266	12056
5267	1545
5268	10415
5269	10383
5270	10400
5271	10389
5272	10406
5273	10404
5274	2942
5275	10408
5276	10386
5277	10407
5278	10382
5279	4594
5280	1520
5281	10394
5282	10387
5283	10390
5284	10433
5285	12062
5286	8409
5287	2867
5288	1233
5289	17422
5290	17403
5291	14376
5292	17483
5293	17487
5294	6507
5295	17449
5296	17472
5297	1163
5298	1154
5299	17469
5300	17485
5301	2811
5302	14401
5303	17491
5304	17494
5305	17468
5306	4533
5307	4537
5308	4532
5309	4530
5310	27659
5311	4531
5312	13628
5313	17459
5314	17448
5315	3449
5316	2192
5317	14410
5318	17461
5319	17460
5320	17464
5321	17465
5322	17463
5323	17447
5324	14409
5325	17446
5326	17476
5327	17890
5328	3106
5329	17851
5330	17904
5331	17905
5332	17911
5333	17917
5334	17910
5335	3238
5336	12249
5337	14307
5338	14132
5339	18085
5340	18097
5341	18079
5342	18099
5343	18084
5344	18078
5345	5115
5346	31257
5347	31256
5348	18093
5349	4730
5350	8710
5351	7042
5352	10416
5353	12264
5354	12263
5355	12261
5356	10444
5357	10443
5358	10446
5359	10447
5360	10440
5361	10409
5362	3690
5363	27562
5364	27582
5365	2953
5366	2047
5367	27564
5368	1985
5369	6890
5370	1921
5371	22947
5372	2661
5373	27655
5374	27634
5375	27633
5376	5301
5377	27650
5378	27674
5379	8332
5380	4177
5381	27584
5382	27605
5383	7443
5384	27606
5385	27604
5386	4178
5387	2664
5388	27657
5389	3925
5390	3926
5391	3932
5392	20193
5393	1281
5394	3910
5395	4240
5396	4245
5397	4244
5398	4243
5399	2643
5400	4209
5401	4256
5402	4286
5403	4224
5404	2655
5405	4253
5406	4271
5407	4282
5408	4254
5409	4272
5410	4274
5411	4255
5412	4211
5413	4287
5414	2649
5415	4280
5416	4257
5417	4289
5418	4275
5419	993
5420	1006
5421	4288
5422	4284
5423	20141
5424	4269
5425	1088
5426	4266
5427	20173
5428	4273
5429	20170
5430	856
5431	20175
5432	20179
5433	3716
5434	4285
5435	4281
5436	4278
5437	1598
5438	20230
5439	20221
5440	20204
5441	20252
5442	25184
5443	25191
5444	5124
5445	784
5446	25204
5447	3076
5448	25213
5449	25220
5450	3012
5451	25195
5452	10278
5453	1683
5454	1690
5455	10277
5456	8724
5457	8742
5458	8749
5459	5024
5460	9953
5461	6095
5462	2598
5463	2671
5464	2561
5465	2670
5466	1439
5467	8906
5468	8905
5469	6579
5470	9932
5471	9930
5472	9952
5473	8696
5474	6806
5475	6775
5476	6781
5477	6776
5478	4276
5479	4758
5480	4751
5481	4757
5482	4752
5483	4753
5484	4755
5485	4129
5486	4121
5487	4098
5488	4097
5489	4095
5490	5022
5491	5020
5492	1729
5493	5019
5494	5037
5495	5026
5496	5017
5497	5736
5498	5545
5499	5546
5500	5566
5501	3388
5502	3386
5503	5544
5504	5500
5505	4932
5506	5030
5507	5009
5508	4986
5509	5007
5510	5014
5511	5033
5512	5034
5513	3912
5514	1682
5515	5079
5516	5065
5517	3625
5518	3618
5519	3626
5520	3624
5521	33083
5522	8187
5523	9405
5524	33088
5525	8173
5526	33132
5527	8160
5528	33102
5529	7218
5530	33054
5531	33082
5532	33561
5533	6639
5534	33621
5535	7770
5536	33041
5537	33595
5538	4554
5539	33543
5540	33560
5541	2937
5542	12451
5543	1184
5544	33598
5545	33612
5546	2889
5547	33514
5548	33588
5549	33596
5550	2887
5551	2939
5552	2946
5553	2924
5554	2957
5555	2938
5556	2918
5557	2956
5558	33556
5559	2929
5560	33555
5561	33541
5562	2921
5563	1707
5564	33546
5565	7289
5566	33545
5567	2915
5568	2913
5569	2933
5570	2916
5571	33542
5572	2945
5573	2309
5574	33547
5575	2958
5576	2934
5577	33538
5578	2911
5579	33537
5580	33559
5581	1472
5582	33539
5583	2416
5584	7300
5585	2914
5586	2959
5587	33593
5588	22755
5589	33128
5590	4046
5591	33043
5592	2931
5593	2307
5594	6358
5595	33047
5596	33042
5597	2441
5598	2932
5599	33085
5600	33105
5601	12323
5602	33263
5603	33090
5604	33178
5605	4588
5606	33200
5607	7225
5608	33134
5609	33844
5610	33046
5611	33072
5612	33098
5613	3321
5614	33157
5615	33104
5616	7230
5617	29359
5618	2230
5619	33816
5620	33817
5621	4022
5622	4015
5623	22752
5624	4040
5625	33040
5626	1722
5627	33089
5628	4294
5629	12780
5630	10045
5631	10046
5632	12856
5633	9111
5634	12183
5635	12185
5636	12210
5637	12177
5638	12221
5639	9146
5640	12348
5641	12200
5642	12218
5643	12222
5644	12349
5645	12253
5646	12184
5647	12186
5648	12198
5649	3145
5650	4374
5651	12223
5652	12194
5653	2328
5654	12269
5655	12187
5656	12199
5657	12325
5658	3146
5659	12196
5660	12326
5661	12212
5662	8025
5663	3144
5664	1748
5665	12195
5666	1119
5667	12175
5668	12191
5669	2383
5670	12779
5671	12925
5672	12777
5673	12197
5674	12327
5675	2906
5676	12501
5677	12362
5678	12537
5679	12804
5680	12803
5681	12930
5682	12783
5683	12219
5684	12202
5685	12782
5686	12828
5687	12807
5688	12517
5689	12846
5690	12825
5691	12849
5692	8028
5693	12844
5694	12833
5695	12827
5696	12834
5697	12831
5698	12809
5699	12193
5700	12176
5701	12201
5702	12188
5703	12192
5704	12206
5705	9163
5706	12340
5707	2873
5708	12341
5709	3137
5710	1365
5711	10047
5712	12268
5713	1957
5714	1111
5715	12236
5716	12352
5717	12209
5718	2277
5719	8026
5720	12265
5721	12237
5722	8027
5723	12343
5724	12351
5725	9153
5726	3143
5727	3141
5728	12347
5729	9155
5730	12207
5731	12328
5732	12329
5733	12189
5734	10048
5735	12203
5736	12353
5737	12330
5738	2555
5739	9180
5740	9156
5741	12331
5742	3296
5743	4522
5744	1406
5745	2907
5746	12229
5747	3147
5748	12205
5749	12335
5750	3295
5751	4375
5752	12230
5753	12208
5754	2878
5755	12334
5756	12337
5757	12336
5758	12225
5759	12338
5760	12257
5761	3303
5762	12234
5763	2281
5764	4376
5765	2209
5766	12332
5767	4372
5768	12344
5769	12339
5770	1396
5771	2296
5772	2219
5773	12247
5774	2220
5775	12228
5776	1452
5777	12345
5778	2287
5779	2364
5780	12252
5781	12235
5782	12245
5783	12241
5784	2218
5785	3155
5786	8165
5787	8328
5788	8329
5789	8166
5790	8137
5791	8808
5792	8797
5793	8799
5794	8794
5795	8793
5796	8792
5797	8817
5798	8766
5799	8819
5800	8791
5801	8924
5802	8904
5803	9128
5804	9120
5805	8940
5806	6346
5807	6714
5808	9203
5809	9202
5810	6712
5811	9077
5812	9255
5813	9234
5814	9030
5815	9178
5816	9164
5817	9042
5818	9065
5819	9044
5820	9066
5821	9181
5822	9058
5823	6688
5824	8968
5825	8973
5826	1272
5827	9062
5828	9004
5829	9025
5830	9039
5831	9034
5832	6606
5833	8969
5834	9079
5835	1896
5836	8967
5837	1599
5838	9031
5839	6629
5840	9189
5841	9190
5842	9208
5843	9192
5844	9172
5845	9166
5846	9193
5847	9196
5848	9197
5849	9102
5850	9033
5851	1270
5852	9046
5853	9051
5854	9023
5855	9056
5856	9007
5857	9054
5858	9048
5859	9053
5860	9057
5861	9049
5862	9026
5863	9052
5864	9037
5865	9027
5866	9038
5867	9035
5868	9198
5869	9103
5870	9013
5871	9047
5872	9029
5873	9024
5874	9087
5875	9055
5876	9028
5877	9059
5878	9199
5879	9104
5880	9088
5881	9014
5882	9050
5883	9060
5884	6167
5885	6330
5886	6122
5887	6171
5888	1450
5889	6143
5890	6829
5891	6756
5892	6771
5893	6876
5894	6897
5895	1689
5896	6887
5897	6875
5898	4910
5899	6951
5900	6886
5901	1681
5902	9175
5903	9072
5904	9073
5905	9010
5906	2260
5907	9036
5908	9070
5909	9075
5910	9071
5911	9068
5912	9112
5913	1911
5914	9064
5915	9108
5916	5877
5917	9076
5918	9063
5919	9082
5920	9081
5921	9216
5922	9021
5923	9020
5924	1477
5925	9043
5926	9061
5927	2384
5928	9217
5929	9080
5930	10029
5931	9078
5932	9016
5933	9219
5934	6219
5935	6889
5936	5868
5937	9040
5938	9206
5939	9205
5940	9032
5941	9229
5942	9045
5943	9041
5944	6651
5945	9089
5946	9085
5947	9084
5948	6652
5949	9015
5950	6643
5951	9086
5952	1906
5953	6642
5954	9107
5955	9083
5956	1637
5957	6332
5958	9094
5959	9097
5960	9113
5961	6331
5962	8494
5963	8608
5964	8599
5965	8580
5966	8613
5967	8582
5968	8587
5969	6370
5970	8583
5971	8598
5972	8480
5973	6373
5974	8617
5975	8586
5976	8590
5977	8591
5978	8620
5979	8601
5980	8637
5981	6360
5982	8612
5983	8593
5984	8633
5985	8584
5986	8621
5987	8589
5988	8602
5989	9244
5990	6739
5991	9191
5992	9194
5993	9019
5994	9017
5995	9092
5996	9090
5997	1596
5998	9091
5999	5871
6000	9018
6001	9201
6002	9074
6003	8970
6004	2930
6005	9022
6006	6612
6007	6614
6008	9211
6009	6707
6010	9210
6011	6705
6012	9233
6013	9212
6014	9227
6015	9186
6016	9200
6017	9221
6018	9222
6019	9207
6020	5873
6021	9213
6022	9173
6023	9179
6024	9069
6025	1821
6026	9114
6027	9096
6028	9188
6029	9093
6030	1377
6031	6615
6032	6637
6033	9110
6034	9095
6035	6691
6036	6671
6037	9133
6038	7057
6039	2788
6040	4299
6041	4306
6042	4246
6043	4195
6044	1236
6045	4077
6046	4086
6047	4059
6048	4109
6049	6832
6050	4146
6051	6265
6052	6264
6053	2778
6054	1615
6055	2067
6056	1917
6057	843
6058	1351
6059	1685
6060	5314
6061	5326
6062	7296
6063	2071
6064	25055
6065	25084
6066	6447
6067	25202
6068	25062
6069	5329
6070	5330
6071	8918
6072	1718
6073	1720
6074	5895
6075	1131
6076	8069
6077	8102
6078	8089
6079	8068
6080	5246
6081	4536
6082	6413
6083	6451
6084	6414
6085	6486
6086	6464
6087	6485
6088	6462
6089	6504
6090	6491
6091	6392
6092	2054
6093	1541
6094	6474
6095	1880
6096	6553
6097	6636
6098	6617
6099	6640
6100	1591
6101	6566
6102	6545
6103	6641
6104	2147
6105	6541
6106	4563
6107	6609
6108	6608
6109	6645
6110	6644
6111	6379
6112	1441
6113	6397
6114	2072
6115	6468
6116	6432
6117	6466
6118	6492
6119	6453
6120	1443
6121	6467
6122	6470
6123	6438
6124	6475
6125	2096
6126	6452
6127	1480
6128	6473
6129	6450
6130	6496
6131	2079
6132	6479
6133	2084
6134	6457
6135	6442
6136	1556
6137	2110
6138	6505
6139	1558
6140	6551
6141	6550
6142	6440
6143	6463
6144	6443
6145	6300
6146	6383
6147	6482
6148	1846
6149	6459
6150	6389
6151	2080
6152	6483
6153	1444
6154	6465
6155	6416
6156	6454
6157	6390
6158	6439
6159	6458
6160	6410
6161	6455
6162	1293
6163	6461
6164	6460
6165	6419
6166	1824
6167	6394
6168	6421
6169	6427
6170	6422
6171	6469
6172	6510
6173	6506
6174	6498
6175	6423
6176	2113
6177	6500
6178	1167
6179	6508
6180	3992
6181	9948
6182	5242
6183	5981
6184	5260
6185	5261
6186	5277
6187	5281
6188	5280
6189	5264
6190	5472
6191	5267
6192	5268
6193	5269
6194	5284
6195	5241
6196	5271
6197	5274
6198	5272
6199	5265
6200	5430
6201	5273
6202	4903
6203	2060
6204	5322
6205	5494
6206	5490
6207	5510
6208	5509
6209	5514
6210	5511
6211	5499
6212	5474
6213	3658
6214	5477
6215	3659
6216	5478
6217	5502
6218	5520
6219	5501
6220	5518
6221	5529
6222	5521
6223	5550
6224	5483
6225	1551
6226	5532
6227	5508
6228	5517
6229	6118
6230	6135
6231	1938
6232	6119
6233	6117
6234	5680
6235	5724
6236	1611
6237	6128
6238	6127
6239	6124
6240	6145
6241	6129
6242	6142
6243	6146
6244	6125
6245	3661
6246	5522
6247	5523
6248	6149
6249	5519
6250	5537
6251	5513
6252	5524
6253	5586
6254	5581
6255	5591
6256	5584
6257	1553
6258	5588
6259	5576
6260	5577
6261	5578
6262	5575
6263	5579
6264	5597
6265	5553
6266	1174
6267	5617
6268	5615
6269	5583
6270	5601
6271	985
6272	6307
6273	2065
6274	6305
6275	6303
6276	6341
6277	8991
6278	1475
6279	8993
6280	1476
6281	9215
6282	9116
6283	9154
6284	2382
6285	9281
6286	9115
6287	5451
6288	1322
6289	9977
6290	1607
6291	9992
6292	9995
6293	9975
6294	1605
6295	9974
6296	9978
6297	9980
6298	9976
6299	9981
6300	9989
6301	9993
6302	9884
6303	7284
6304	9895
6305	1785
6306	9996
6307	4149
6308	3064
6309	10013
6310	9983
6311	6861
6312	6842
6313	6825
6314	6858
6315	6799
6316	6831
6317	1948
6318	6833
6319	4100
6320	6822
6321	6837
6322	6856
6323	1943
6324	6843
6325	1944
6326	6826
6327	6834
6328	6828
6329	6804
6330	4973
6331	6840
6332	6852
6333	6841
6334	5861
6335	6839
6336	6846
6337	3340
6338	5254
6339	5239
6340	5237
6341	5259
6342	5236
6343	5262
6344	6844
6345	6823
6346	1647
6347	5827
6348	6802
6349	5235
6350	6857
6351	6797
6352	6838
6353	6830
6354	6848
6355	4509
6356	3725
6357	6782
6358	5825
6359	1922
6360	5704
6361	5700
6362	5154
6363	5686
6364	5687
6365	5708
6366	9986
6367	6273
6368	6820
6369	5841
6370	5238
6371	6851
6372	2167
6373	6855
6374	4581
6375	8133
6376	8134
6377	2028
6378	9852
6379	9853
6380	10990
6381	10901
6382	10402
6383	10340
6384	10921
6385	10904
6386	10902
6387	10381
6388	10133
6389	10934
6390	10910
6391	7128
6392	10883
6393	7924
6394	7953
6395	7957
6396	7651
6397	9245
6398	5913
6399	4147
6400	1926
6401	1382
6402	6290
6403	5634
6404	2896
6405	8920
6406	2629
6407	2630
6408	2631
6409	4136
6410	4143
6411	8949
6412	2676
6413	8886
6414	3494
6415	7586
6416	7597
6417	2162
6418	7588
6419	7592
6420	5682
6421	5715
6422	7007
6423	5712
6424	6286
6425	2577
6426	4462
6427	4305
6428	5053
6429	7517
6430	956
6431	9994
6432	10001
6433	8930
6434	1918
6435	8925
6436	8932
6437	8916
6438	8928
6439	6911
6440	6975
6441	6941
6442	6963
6443	6944
6444	10668
6445	10669
6446	9818
6447	9819
6448	9824
6449	10660
6450	10664
6451	8754
6452	10679
6453	10686
6454	10575
6455	10666
6456	10671
6457	5623
6458	5624
6459	2673
6460	5743
6461	11030
6462	11032
6463	11047
6464	11031
6465	11040
6466	3074
6467	849
6468	10939
6469	1168
6470	10844
6471	10920
6472	11048
6473	10915
6474	10945
6475	9910
6476	9909
6477	9880
6478	9903
6479	9906
6480	1793
6481	9886
6482	9912
6483	9934
6484	9913
6485	9919
6486	10016
6487	9914
6488	9887
6489	9924
6490	9918
6491	9972
6492	9929
6493	9973
6494	3042
6495	2657
6496	9946
6497	9941
6498	9928
6499	10028
6500	1512
6501	9937
6502	9949
6503	10034
6504	10203
6505	10981
6506	1797
6507	10211
6508	10231
6509	10172
6510	10966
6511	10969
6512	10968
6513	2293
6514	10942
6515	10941
6516	10967
6517	10947
6518	7177
6519	10974
6520	10994
6521	10986
6522	1978
6523	10938
6524	2463
6525	10975
6526	10944
6527	10993
6528	10973
6529	10976
6530	10995
6531	10979
6532	11003
6533	10992
6534	10977
6535	2721
6536	8688
6537	8709
6538	8683
6539	8663
6540	8689
6541	8691
6542	8715
6543	8721
6544	8697
6545	8728
6546	8692
6547	1716
6548	10971
6549	8698
6550	8881
6551	8862
6552	5723
6553	8861
6554	8866
6555	2398
6556	8864
6557	8868
6558	10247
6559	1897
6560	8874
6561	8859
6562	8823
6563	8882
6564	7178
6565	10998
6566	10970
6567	3088
6568	11002
6569	10991
6570	3096
6571	10200
6572	10173
6573	10198
6574	10978
6575	3091
6576	11083
6577	11078
6578	8872
6579	5739
6580	5735
6581	10541
6582	10985
6583	8875
6584	8893
6585	10573
6586	10218
6587	10576
6588	2843
6589	10602
6590	1306
6591	4466
6592	4470
6593	6681
6594	6347
6595	6329
6596	9751
6597	9749
6598	8884
6599	1617
6600	5744
6601	8878
6602	2403
6603	8942
6604	8895
6605	10983
6606	8876
6607	8877
6608	11059
6609	11061
6610	8879
6611	8860
6612	8907
6613	8902
6614	8896
6615	5756
6616	10999
6617	11000
6618	11011
6619	1713
6620	11017
6621	11028
6622	11010
6623	11008
6624	1792
6625	1907
6626	2824
6627	8806
6628	8909
6629	8888
6630	8890
6631	11013
6632	8901
6633	8897
6634	11020
6635	7831
6636	2299
6637	10191
6638	11014
6639	11133
6640	11021
6641	11037
6642	11043
6643	11034
6644	11142
6645	11163
6646	2897
6647	7720
6648	7224
6649	1518
6650	8923
6651	2173
6652	7721
6653	4960
6654	7728
6655	7722
6656	11169
6657	11151
6658	11005
6659	9513
6660	11170
6661	2395
6662	11149
6663	8922
6664	8863
6665	5125
6666	5110
6667	5103
6668	2848
6669	5128
6670	5122
6671	5117
6672	5113
6673	2687
6674	8636
6675	8664
6676	8630
6677	2685
6678	6321
6679	9644
6680	9638
6681	7385
6682	1528
6683	3293
6684	3277
6685	3457
6686	3274
6687	3286
6688	3288
6689	2001
6690	6436
6691	3018
6692	4050
6693	6543
6694	1448
6695	4535
6696	7923
6697	7824
6698	7833
6699	7875
6700	7913
6701	5741
6702	7976
6703	2597
6704	6501
6705	10292
6706	1971
6707	10312
6708	10305
6709	6633
6710	7895
6711	7878
6712	10363
6713	10493
6714	7959
6715	7520
6716	10328
6717	10430
6718	10513
6719	7679
6720	7535
6721	1496
6722	10494
6723	10378
6724	1759
6725	10317
6726	10509
6727	7850
6728	7927
6729	7948
6730	6646
6731	10375
6732	10396
6733	10398
6734	10516
6735	10294
6736	10524
6737	10523
6738	11852
6739	2258
6740	3537
6741	14922
6742	9959
6743	15625
6744	14942
6745	14935
6746	14873
6747	14881
6748	2960
6749	1421
6750	4368
6751	15607
6752	14829
6753	14830
6754	9957
6755	15611
6756	2136
6757	15617
6758	15609
6759	9968
6760	14893
6761	14859
6762	14858
6763	9958
6764	14860
6765	14919
6766	15612
6767	14845
6768	15615
6769	2308
6770	826
6771	15634
6772	15614
6773	4363
6774	9969
6775	15616
6776	15628
6777	14875
6778	2259
6779	14912
6780	9965
6781	14874
6782	14850
6783	14872
6784	14870
6785	14878
6786	14877
6787	15006
6788	9741
6789	9758
6790	9742
6791	4991
6792	9740
6793	9723
6794	9695
6795	9699
6796	9697
6797	4634
6798	3444
6799	4183
6800	4473
6801	4477
6802	1425
6803	4467
6804	4460
6805	4483
6806	4465
6807	1427
6808	4493
6809	1139
6810	1419
6811	3445
6812	3527
6813	2816
6814	4564
6815	4720
6816	2817
6817	2818
6818	2863
6819	2860
6820	4747
6821	4792
6822	4754
6823	4611
6824	4636
6825	4614
6826	4621
6827	3344
6828	3347
6829	3349
6830	3353
6831	3372
6832	3360
6833	3354
6834	2118
6835	3343
6836	3358
6837	3356
6838	2132
6839	4741
6840	4180
6841	4037
6842	4131
6843	4070
6844	4148
6845	4248
6846	4745
6847	4912
6848	4268
6849	4267
6850	4125
6851	4127
6852	4226
6853	4270
6854	4250
6855	4103
6856	4258
6857	4236
6858	2769
6859	3486
6860	3540
6861	3546
6862	3542
6863	6433
6864	7037
6865	7046
6866	7045
6867	3471
6868	3447
6869	2282
6870	3548
6871	3443
6872	3485
6873	6425
6874	4624
6875	4628
6876	2058
6877	4633
6878	6476
6879	7048
6880	3439
6881	3441
6882	3547
6883	3544
6884	3521
6885	4623
6886	3483
6887	2310
6888	3476
6889	3482
6890	2175
6891	2847
6892	2868
6893	2849
6894	2872
6895	2866
6896	2850
6897	2883
6898	3062
6899	3122
6900	3084
6901	3114
6902	3102
6903	3100
6904	3063
6905	2073
6906	3111
6907	3078
6908	3079
6909	3080
6910	3081
6911	3117
6912	3110
6913	3118
6914	3085
6915	3149
6916	3492
6917	6166
6918	6148
6919	1230
6920	6165
6921	5706
6922	6180
6923	6158
6924	6163
6925	6177
6926	6179
6927	6197
6928	6178
6929	6185
6930	1982
6931	3660
6932	6183
6933	6188
6934	6189
6935	6190
6936	6191
6937	6187
6938	6199
6939	6182
6940	6193
6941	2012
6942	2011
6943	6032
6944	6033
6945	6186
6946	6324
6947	6172
6948	6170
6949	6175
6950	2268
6951	3430
6952	2874
6953	1772
6954	2875
6955	2899
6956	3429
6957	3421
6958	1451
6959	4528
6960	7567
6961	7581
6962	10098
6963	8854
6964	8848
6965	8852
6966	6359
6967	2715
6968	4181
6969	4186
6970	5234
6971	5227
6972	2085
6973	2104
6974	1601
6975	5232
6976	2074
6977	2040
6978	10754
6979	2043
6980	6378
6981	10763
6982	2447
6983	10747
6984	2438
6985	2448
6986	10766
6987	10767
6988	10769
6989	10694
6990	10696
6991	10105
6992	10693
6993	2066
6994	2103
6995	2069
6996	10104
6997	10100
6998	10101
6999	1891
7000	10102
7001	6926
7002	6927
7003	2135
7004	10695
7005	10759
7006	10760
7007	1156
7008	2041
7009	2045
7010	2437
7011	10698
7012	1606
7013	10106
7014	10697
7015	2140
7016	10580
7017	10119
7018	10264
7019	10117
7020	1730
7021	10279
7022	10123
7023	2081
7024	10252
7025	3043
7026	10601
7027	10260
7028	2390
7029	10441
7030	1904
7031	8285
7032	10121
7033	10186
7034	2142
7035	2139
7036	2141
7037	2137
7038	2056
7039	2144
7040	2059
7041	7557
7042	5999
7043	7574
7044	7582
7045	7603
7046	4930
7047	7559
7048	7589
7049	7532
7050	7562
7051	7561
7052	7563
7053	4937
7054	7565
7055	7560
7056	7572
7057	7628
7058	7536
7059	7591
7060	7566
7061	7587
7062	7564
7063	7569
7064	7571
7065	7627
7066	1171
7067	7595
7068	7585
7069	7531
7070	7596
7071	7570
7072	7568
7073	5416
7074	7598
7075	7602
7076	1663
7077	5491
7078	7887
7079	3543
7080	1913
7081	6361
7082	4031
7083	4032
7084	3986
7085	3985
7086	3381
7087	2145
7088	3376
7089	2400
7090	4627
7091	4638
7092	4630
7093	3014
7094	2861
7095	4656
7096	4647
7097	4648
7098	4631
7099	4600
7100	4608
7101	4626
7102	4640
7103	4609
7104	1502
7105	4629
7106	4620
7107	4644
7108	4639
7109	4646
7110	4645
7111	4635
7112	4637
7113	1429
7114	3004
7115	2857
7116	4606
7117	4652
7118	4641
7119	4616
7120	5118
7121	5149
7122	5151
7123	2864
7124	1499
7125	1699
7126	5161
7127	5162
7128	2865
7129	4657
7130	4619
7131	4642
7132	4653
7133	5143
7134	1935
7135	5126
7136	5123
7137	5145
7138	1916
7139	5147
7140	1941
7141	1945
7142	4625
7143	4649
7144	4714
7145	4721
7146	4723
7147	4724
7148	4743
7149	21749
7150	5848
7151	21874
7152	21863
7153	21854
7154	21857
7155	21855
7156	21858
7157	15418
7158	1219
7159	21904
7160	21735
7161	1223
7162	21900
7163	5862
7164	21774
7165	7498
7166	7428
7167	7427
7168	7403
7169	7430
7170	7404
7171	7523
7172	7464
7173	1626
7174	7473
7175	7486
7176	7541
7177	7521
7178	7433
7179	7440
7180	7434
7181	7435
7182	7437
7183	9841
7184	9839
7185	6900
7186	1791
7187	6805
7188	6866
7189	3375
7190	3603
7191	3607
7192	10039
7193	10044
7194	9517
7195	2787
7196	9512
7197	9510
7198	4788
7199	4661
7200	4981
7201	5004
7202	4996
7203	5003
7204	4799
7205	5050
7206	5052
7207	4796
7208	4998
7209	4980
7210	5000
7211	5127
7212	4982
7213	5001
7214	4994
7215	4985
7216	4999
7217	4793
7218	4794
7219	5041
7220	5047
7221	5051
7222	5054
7223	5046
7224	5056
7225	5064
7226	5070
7227	5100
7228	5071
7229	5048
7230	5060
7231	5069
7232	4833
7233	5057
7234	5107
7235	1524
7236	1515
7237	3156
7238	4832
7239	957
7240	4784
7241	5073
7242	5075
7243	5077
7244	5156
7245	1702
7246	5018
7247	5036
7248	5021
7249	5040
7250	5029
7251	5025
7252	1554
7253	1563
7254	8071
7255	1902
7256	3265
7257	1879
7258	3266
7259	12082
7260	1908
7261	12077
7262	12071
7263	8053
7264	12054
7265	11690
7266	11663
7267	5851
7268	11691
7269	1848
7270	11665
7271	12079
7272	5286
7273	1855
7274	12059
7275	1854
7276	12080
7277	1660
7278	12081
7279	7745
7280	7240
7281	7732
7282	1630
7283	11870
7284	11702
7285	11701
7286	1723
7287	1704
7288	2578
7289	2573
7290	7731
7291	1664
7292	11729
7293	1692
7294	1586
7295	7741
7296	3248
7297	11628
7298	2680
7299	11840
7300	11860
7301	7738
7302	1766
7303	1764
7304	1743
7305	1778
7306	11697
7307	12069
7308	1529
7309	1513
7310	2575
7311	11631
7312	12668
7313	12676
7314	12669
7315	2205
7316	12690
7317	12667
7318	12675
7319	12672
7320	12674
7321	12664
7322	12680
7323	12298
7324	12299
7325	5397
7326	12678
7327	12673
7328	12692
7329	3328
7330	4925
7331	12681
7332	1555
7333	1564
7334	1559
7335	2199
7336	12670
7337	2201
7338	12679
7339	12688
7340	12693
7341	12712
7342	1550
7343	2372
7344	13405
7345	2551
7346	12973
7347	12993
7348	13439
7349	1519
7350	13428
7351	13414
7352	13407
7353	5195
7354	4527
7355	2825
7356	4548
7357	4549
7358	4529
7359	4516
7360	4542
7361	4534
7362	5023
7363	47819
7364	1736
7365	12659
7366	5730
7367	5165
7368	10597
7369	7867
7370	7883
7371	7101
7372	7056
7373	7076
7374	7547
7375	7546
7376	7579
7377	10591
7378	10574
7379	10571
7380	10589
7381	3763
7382	8681
7383	2988
7384	10624
7385	7608
7386	6907
7387	2947
7388	15310
7389	15333
7390	15326
7391	15345
7392	15305
7393	15339
7394	15328
7395	15324
7396	15309
7397	15308
7398	15335
7399	15368
7400	15337
7401	15343
7402	15348
7403	15373
7404	15369
7405	15341
7406	15344
7407	4194
7408	15342
7409	3285
7410	3251
7411	3261
7412	3273
7413	3275
7414	3675
7415	3711
7416	3685
7417	4520
7418	4927
7419	4904
7420	2333
7421	4918
7422	2420
7423	3530
7424	4902
7425	4922
7426	3904
7427	3903
7428	3936
7429	3905
7430	3886
7431	3897
7432	3908
7433	3900
7434	3901
7435	4944
7436	4940
7437	4921
7438	4926
7439	4056
7440	3888
7441	3911
7442	4099
7443	4074
7444	4101
7445	4073
7446	4122
7447	4069
7448	4053
7449	4091
7450	4935
7451	4951
7452	4208
7453	4239
7454	7504
7455	11315
7456	11296
7457	11240
7458	11302
7459	11274
7460	1691
7461	11306
7462	2000
7463	11298
7464	11321
7465	11320
7466	7682
7467	7681
7468	7708
7469	7715
7470	5493
7471	10004
7472	10005
7473	10006
7474	10002
7475	10026
7476	9990
7477	1727
7478	10003
7479	10009
7480	10064
7481	10060
7482	10031
7483	2562
7484	10023
7485	10032
7486	10108
7487	10024
7488	3326
7489	2179
7490	10012
7491	1657
7492	10017
7493	10118
7494	10050
7495	10030
7496	10011
7497	10019
7498	1670
7499	10008
7500	10007
7501	10010
7502	10057
7503	9556
7504	9555
7505	9554
7506	9553
7507	9552
7508	9551
7509	9550
7510	10059
7511	10020
7512	10041
7513	10038
7514	10201
7515	9984
7516	10021
7517	10037
7518	10015
7519	2690
7520	10054
7521	10018
7522	1947
7523	9524
7524	9543
7525	9514
7526	9521
7527	9525
7528	9534
7529	9529
7530	9531
7531	9541
7532	9520
7533	9508
7534	9693
7535	9526
7536	9539
7537	9480
7538	9540
7539	9538
7540	10036
7541	9589
7542	10056
7543	9533
7544	9498
7545	9506
7546	9476
7547	9502
7548	9536
7549	9613
7550	9501
7551	2572
7552	9528
7553	9530
7554	9505
7555	9504
7556	9537
7557	9548
7558	9547
7559	9542
7560	9545
7561	9519
7562	9546
7563	9527
7564	9509
7565	1856
7566	9516
7567	9511
7568	1667
7569	9535
7570	9549
7571	9557
7572	10110
7573	2563
7574	10090
7575	10092
7576	9479
7577	9544
7578	9515
7579	1735
7580	10082
7581	9988
7582	9565
7583	10058
7584	9561
7585	9569
7586	9567
7587	9566
7588	9713
7589	9707
7590	9683
7591	9709
7592	9773
7593	9621
7594	9694
7595	9692
7596	9757
7597	9728
7598	2193
7599	10315
7600	10316
7601	9661
7602	9686
7603	9657
7604	9672
7605	10181
7606	6315
7607	10163
7608	10066
7609	10202
7610	10197
7611	10196
7612	10209
7613	2171
7614	9945
7615	2338
7616	10572
7617	10584
7618	10560
7619	10424
7620	10535
7621	10528
7622	9904
7623	2709
7624	9927
7625	9933
7626	9931
7627	10570
7628	10592
7629	10619
7630	9956
7631	10600
7632	10590
7633	10579
7634	10618
7635	10781
7636	2877
7637	10588
7638	9997
7639	9925
7640	10609
7641	10455
7642	1141
7643	10360
7644	9950
7645	10593
7646	2467
7647	10617
7648	2485
7649	2591
7650	2624
7651	4283
7652	4304
7653	4210
7654	4206
7655	4213
7656	3028
7657	6660
7658	6676
7659	2986
7660	4555
7661	4577
7662	3975
7663	3976
7664	2582
7665	3974
7666	4102
7667	4071
7668	4061
7669	4066
7670	2656
7671	2792
7672	4065
7673	4067
7674	2225
7675	2983
7676	4033
7677	4038
7678	4035
7679	4010
7680	4054
7681	4036
7682	4005
7683	4006
7684	4012
7685	4044
7686	4042
7687	2692
7688	5424
7689	5412
7690	5420
7691	4193
7692	4327
7693	5402
7694	5386
7695	5421
7696	5387
7697	5470
7698	5452
7699	5466
7700	5454
7701	5455
7702	5456
7703	5458
7704	5487
7705	5488
7706	2998
7707	6692
7708	6694
7709	1942
7710	6708
7711	5482
7712	6649
7713	6677
7714	6680
7715	2756
7716	5468
7717	2862
7718	3324
7719	3055
7720	4514
7721	4524
7722	2909
7723	5621
7724	4538
7725	4521
7726	4523
7727	3755
7728	1914
7729	2892
7730	4526
7731	2912
7732	3941
7733	2923
7734	2922
7735	4557
7736	22958
7737	22914
7738	22927
7739	4553
7740	2996
7741	3000
7742	1453
7743	1454
7744	2999
7745	4670
7746	3005
7747	2885
7748	15726
7749	22500
7750	18426
7751	2169
7752	4739
7753	4772
7754	6537
7755	6535
7756	6120
7757	3643
7758	3678
7759	3649
7760	3680
7761	2473
7762	3673
7763	2475
7764	3683
7765	3682
7766	2480
7767	3653
7768	2426
7769	15786
7770	15736
7771	1984
7772	16495
7773	15753
7774	1924
7775	2775
7776	15703
7777	15734
7778	4123
7779	4155
7780	4158
7781	15714
7782	15760
7783	15739
7784	4203
7785	2537
7786	4230
7787	4212
7788	4218
7789	4219
7790	4175
7791	4223
7792	4229
7793	3578
7794	5770
7795	5793
7796	12919
7797	12918
7798	12946
7799	12914
7800	12921
7801	8640
7802	8650
7803	12916
7804	1958
7805	8618
7806	8694
7807	12920
7808	12922
7809	12926
7810	25767
7811	25787
7812	19444
7813	19459
7814	1988
7815	19448
7816	19429
7817	19430
7818	4805
7819	19431
7820	19436
7821	12927
7822	8581
7823	19404
7824	2082
7825	25844
7826	26145
7827	4343
7828	26146
7829	25845
7830	26164
7831	6044
7832	6053
7833	6055
7834	6067
7835	6060
7836	7369
7837	6063
7838	6070
7839	4936
7840	7395
7841	7405
7842	7426
7843	7399
7844	7346
7845	7377
7846	7378
7847	6062
7848	6046
7849	6064
7850	6045
7851	6020
7852	6019
7853	6058
7854	6056
7855	6030
7856	3983
7857	6091
7858	6031
7859	6065
7860	3987
7861	6051
7862	6048
7863	6018
7864	6052
7865	6016
7866	6084
7867	6071
7868	7384
7869	3981
7870	6017
7871	6096
7872	6074
7873	6057
7874	6066
7875	7371
7876	3982
7877	6069
7878	6068
7879	7397
7880	3538
7881	3541
7882	2410
7883	6075
7884	11938
7885	7709
7886	1925
7887	11922
7888	11943
7889	6022
7890	6021
7891	6072
7892	6059
7893	6036
7894	6000
7895	7347
7896	7370
7897	7375
7898	7376
7899	3984
7900	6034
7901	7368
7902	2278
7903	7398
7904	7393
7905	4959
7906	7436
7907	1514
7908	6025
7909	6039
7910	6024
7911	6079
7912	6081
7913	6083
7914	6038
7915	6078
7916	6054
7917	6102
7918	6028
7919	6023
7920	6009
7921	6061
7922	6112
7923	6089
7924	6004
7925	6073
7926	5564
7927	5561
7928	5606
7929	3245
7930	3279
7931	3287
7932	5562
7933	5559
7934	5603
7935	5311
7936	3533
7937	5346
7938	3267
7939	3247
7940	3281
7941	3271
7942	3283
7943	3255
7944	3272
7945	3264
7946	3284
7947	3276
7948	3292
7949	5610
7950	5713
