0	505
1	507
2	0
3	-1
4	542
5	1
6	2
7	407
8	27
9	447
10	168
11	264
12	265
13	266
14	234
15	267
16	35
17	460
18	6
19	3
20	4
21	319
22	20
23	12
24	8
25	13
26	5
27	16
28	14
29	19
30	466
31	530
32	58
33	18
34	9
35	471
36	7
37	254
38	255
39	256
40	224
41	183
42	288
43	347
44	101
45	103
46	151
47	34
48	3238
49	308
50	68
51	31
52	29
53	1749
54	38
55	218
56	23
57	236
58	61
59	76
60	60
61	258
62	59
63	77
64	91
65	132
66	226
67	98
68	355
69	381
70	22
71	71
72	70
73	69
74	43
75	26661
76	46924
77	19978
78	36580
79	17377
80	42692
81	12230
82	144
83	49
84	50
85	175
86	127
87	57
88	4945
89	42
90	11
91	28
92	128
93	4766
94	293
95	233
96	297
97	298
98	36
99	268
100	115
101	117
102	309
103	312
104	306
105	305
106	304
107	311
108	307
109	17
110	358
111	384
112	24
113	126
114	283
115	166
116	15996
117	9252
118	262
119	463
120	367
121	49574
122	46
123	72
124	51
125	39
126	100
127	74
128	230
129	15
130	235
131	310
132	278
133	195
134	295
135	294
136	44907
137	31280
138	30827
139	86
140	80
141	491
142	148
143	95
144	10
145	33
146	32
147	30
148	281
149	330
150	320
151	318
152	315
153	64
154	329
155	328
156	156
157	55
158	399
159	21
160	44
161	52
162	380
163	63
164	527
165	108
166	45
167	118
168	75
169	568
170	26
171	37
172	40
173	468
174	469
175	2359
176	29230
177	105
178	47
179	87
180	89
181	150
182	88
183	85
184	787
185	211
186	161
187	270
188	299
189	35391
190	42486
191	433
192	73
193	90
194	54
195	41
196	214
197	165
198	184
199	291
200	25
201	317
202	84
203	335
204	372
205	497
206	303
207	62
208	887
209	78
210	501
211	496
212	102
213	66
214	730
215	394
216	122
217	110
218	138
219	222
220	83
221	239
222	185
223	159
224	106
225	111
226	137
227	140
228	99
229	383
230	145
231	5471
232	173
233	191
234	67
235	123
236	164
237	104
238	427
239	53
240	229
241	113
242	192
243	440
244	194
245	257
246	109
247	190
248	386
249	282
250	48
251	273
252	272
253	245
254	96
255	124
256	464
257	334
258	314
259	289
260	2053
261	160
262	82
263	143
264	171
265	2826
266	424
267	301
268	473
269	193
270	341
271	56
272	153
273	404
274	200
275	290
276	196
277	186
278	107
279	356
280	520
281	768
282	178
283	485
284	225
285	149
286	572
287	238
288	220
289	391
290	93
291	434
292	3615
293	177
294	180
295	188
296	97
297	116
298	445
299	336
300	79
301	197
302	231
303	5704
304	366
305	411
306	390
307	360
308	339
309	435
310	5290
311	5444
312	352
313	65
314	167
315	169
316	134
317	345
318	119
319	323
320	260
321	259
322	81
323	4586
324	3866
325	2592
326	413
327	3098
328	398
329	419
330	422
331	377
332	212
333	276
334	279
335	502
336	509
337	357
338	1960
339	1516
340	213
341	292
342	2595
343	147
344	2464
345	247
346	2356
347	470
348	5489
349	4919
350	244
351	248
352	338
353	215
354	370
355	350
356	538
357	269
358	243
359	198
360	340
361	207
362	284
363	285
364	251
365	121
366	3521
367	205
368	210
369	300
370	216
371	1222
372	1223
373	645
374	646
375	675
376	642
377	1352
378	1651
379	1225
380	114
381	4728
382	142
383	253
384	252
385	201
386	800
387	221
388	756
389	757
390	280
391	172
392	455
393	348
394	408
395	261
396	2141
397	461
398	176
399	504
400	21396
401	17499
402	486
403	271
404	973
405	376
406	436
407	430
408	449
409	443
410	439
411	333
412	4546
413	346
414	2905
415	431
416	585
417	672
418	495
419	94
420	286
421	324
422	223
423	395
424	209
425	202
426	375
427	432
428	1353
429	242
430	241
431	240
432	584
433	563
434	263
435	575
436	203
437	204
438	574
439	1700
440	1701
441	1702
442	217
443	232
444	237
445	583
446	135
447	382
448	1666
449	1299
450	1300
451	1298
452	596
453	412
454	389
455	4329
456	4909
457	139
458	152
459	1373
460	484
461	462
462	457
463	489
464	450
465	554
466	513
467	519
468	965
469	716
470	998
471	1677
472	477
473	249
474	326
475	120
476	2060
477	287
478	2335
479	349
480	553
481	125
482	112
483	129
484	353
485	550
486	437
487	313
488	420
489	414
490	92
491	393
492	219
493	387
494	494
495	418
496	277
497	296
498	385
499	405
500	1511
501	331
502	441
503	361
504	369
505	2070
506	2505
507	2782
508	1444
509	154
510	332
511	2480
512	555
513	327
514	3158
515	302
516	2626
517	199
518	136
519	1378
520	587
521	179
522	1729
523	2556
524	3189
525	722
526	2844
527	2623
528	3458
529	155
530	163
531	228
532	388
533	133
534	1863
535	181
536	174
537	189
538	2338
539	423
540	492
541	1040
542	446
543	1128
544	141
545	6301
546	274
547	3632
548	1033
549	547
550	512
551	963
552	4542
553	618
554	3859
555	493
556	415
557	4420
558	3228
559	4811
560	3876
561	1570
562	487
563	400
564	1405
565	146
566	429
567	428
568	448
569	3414
570	1395
571	227
572	746
573	2022
574	2023
575	2021
576	1552
577	1460
578	351
579	187
580	2271
581	3159
582	1944
583	2565
584	799
585	3040
586	2984
587	1931
588	368
589	3119
590	2807
591	1010
592	2250
593	379
594	3779
595	378
596	569
597	3867
598	316
599	2721
600	162
601	442
602	715
603	13196
604	47066
605	15624
606	2859
607	14265
608	14466
609	23776
610	644
611	589
612	717
613	47194
614	131
615	1096
616	1098
617	664
618	488
619	859
620	699
621	889
622	901
623	1042
624	819
625	26726
626	23077
627	12202
628	5418
629	5419
630	15700
631	12556
632	843
633	736
634	1799
635	4022
636	5037
637	3509
638	2215
639	1881
640	1648
641	1882
642	1924
643	564
644	673
645	321
646	363
647	524
648	611
649	612
650	605
651	606
652	452
653	510
654	523
655	684
656	515
657	616
658	634
659	617
660	615
661	364
662	3704
663	619
664	660
665	685
666	613
667	654
668	475
669	1363
670	3395
671	3396
672	3397
673	3398
674	416
675	7995
676	35927
677	3475
678	16415
679	1256
680	30578
681	12693
682	11587
683	41564
684	16970
685	31664
686	40430
687	31283
688	34000
689	30587
690	8317
691	38755
692	33458
693	22201
694	39612
695	33570
696	10887
697	36412
698	27348
699	6782
700	36194
701	13571
702	32833
703	28021
704	30856
705	22069
706	42532
707	42317
708	32855
709	41872
710	41399
711	23408
712	21657
713	38788
714	35605
715	34459
716	9587
717	41583
718	31221
719	36912
720	30553
721	20405
722	7258
723	9265
724	13257
725	41304
726	35548
727	19744
728	40861
729	8998
730	35516
731	44060
732	27358
733	20458
734	6802
735	31468
736	22678
737	34547
738	23490
739	10842
740	20242
741	33842
742	20135
743	10301
744	7284
745	10893
746	40346
747	14613
748	31676
749	12229
750	8894
751	33762
752	23637
753	27459
754	8211
755	25507
756	39129
757	41453
758	25420
759	12461
760	9642
761	25148
762	10949
763	41673
764	37960
765	29472
766	31142
767	42489
768	25027
769	6806
770	29281
771	29276
772	508
773	41415
774	35203
775	25799
776	30793
777	33731
778	30008
779	28903
780	29166
781	39390
782	5976
783	42537
784	37072
785	41667
786	544
787	1326
788	7994
789	454
790	170
791	5219
792	47690
793	866
794	533
795	47710
796	42416
797	2461
798	1381
799	3686
800	4410
801	1990
802	2683
803	472
804	2266
805	4207
806	458
807	537
808	536
809	456
810	892
811	15166
812	26483
813	948
814	975
815	974
816	943
817	670
818	912
819	30058
820	894
821	904
822	930
823	928
824	762
825	929
826	927
827	926
828	931
829	919
830	950
831	920
832	949
833	909
834	438
835	474
836	451
837	479
838	47648
839	518
840	483
841	481
842	482
843	206
844	499
845	592
846	342
847	549
848	558
849	539
850	620
851	590
852	588
853	625
854	626
855	208
856	551
857	577
858	476
859	15161
860	10404
861	275
862	500
863	2680
864	3937
865	2536
866	2612
867	793
868	365
869	4647
870	3693
871	2627
872	1054
873	182
874	4114
875	511
876	2840
877	250
878	1561
879	4333
880	1044
881	465
882	467
883	1606
884	426
885	1897
886	406
887	514
888	337
889	1345
890	409
891	1070
892	740
893	686
894	996
895	5363
896	5410
897	543
898	535
899	534
900	2454
901	630
902	5570
903	158
904	1972
905	5473
906	905
907	1746
908	517
909	638
910	666
911	4177
912	4975
913	643
914	652
915	633
916	623
917	624
918	637
919	631
920	629
921	628
922	627
923	632
924	636
925	635
926	622
927	655
928	639
929	650
930	647
931	657
932	640
933	658
934	649
935	641
936	621
937	656
938	651
939	653
940	648
941	918
942	417
943	1633
944	4118
945	700
946	659
947	325
948	608
949	1500
950	548
951	559
952	50479
953	32627
954	1650
955	1987
956	453
957	966
958	444
959	1277
960	570
961	4109
962	1475
963	3077
964	506
965	1413
966	3488
967	4082
968	2824
969	2894
970	3135
971	459
972	2088
973	2766
974	4925
975	2391
976	1514
977	1763
978	600
979	3261
980	1592
981	2957
982	1329
983	1934
984	402
985	1259
986	2002
987	2597
988	1210
989	1398
990	3272
991	3656
992	720
993	2855
994	1077
995	1532
996	3381
997	2907
998	1589
999	1214
1000	2800
1001	1204
1002	2346
1003	2431
1004	1585
1005	2615
1006	709
1007	601
1008	3756
1009	410
1010	812
1011	759
1012	704
1013	710
1014	714
1015	1254
1016	521
1017	594
1018	731
1019	528
1020	1361
1021	1265
1022	1118
1023	1400
1024	2476
1025	2846
1026	2265
1027	1455
1028	2500
1029	985
1030	3292
1031	1551
1032	4306
1033	1887
1034	2893
1035	4812
1036	392
1037	2780
1038	2191
1039	4143
1040	2897
1041	2423
1042	3493
1043	1895
1044	2336
1045	2144
1046	322
1047	674
1048	2334
1049	1075
1050	4884
1051	2906
1052	401
1053	4955
1054	3838
1055	4702
1056	2379
1057	884
1058	5426
1059	5248
1060	5493
1061	4567
1062	5270
1063	4976
1064	745
1065	5425
1066	5158
1067	3996
1068	1176
1069	1305
1070	3576
1071	2935
1072	4474
1073	3753
1074	3268
1075	130
1076	3478
1077	2302
1078	3552
1079	2788
1080	2032
1081	2730
1082	5578
1083	3721
1084	1152
1085	4449
1086	1190
1087	3733
1088	2282
1089	3817
1090	1261
1091	3692
1092	4392
1093	1448
1094	2316
1095	2524
1096	5374
1097	2477
1098	3944
1099	5496
1100	1427
1101	1294
1102	2417
1103	1358
1104	3368
1105	2710
1106	5316
1107	5225
1108	3893
1109	2194
1110	5566
1111	2796
1112	2655
1113	5533
1114	2925
1115	1100
1116	5438
1117	373
1118	2436
1119	2673
1120	3028
1121	1710
1122	5145
1123	344
1124	343
1125	1262
1126	1914
1127	5457
1128	1126
1129	1115
1130	2138
1131	2764
1132	2007
1133	3307
1134	2321
1135	2706
1136	3377
1137	531
1138	2298
1139	687
1140	5131
1141	2958
1142	4377
1143	760
1144	1709
1145	2777
1146	3428
1147	4203
1148	4421
1149	2131
1150	2166
1151	3142
1152	2184
1153	3110
1154	3137
1155	3760
1156	2122
1157	591
1158	3551
1159	3120
1160	1785
1161	2910
1162	2362
1163	857
1164	2236
1165	3360
1166	2763
1167	1545
1168	1731
1169	2286
1170	694
1171	2573
1172	3480
1173	1841
1174	5163
1175	4714
1176	979
1177	3432
1178	1520
1179	2358
1180	397
1181	5956
1182	2803
1183	359
1184	2923
1185	5218
1186	4458
1187	858
1188	5136
1189	354
1190	3100
1191	2784
1192	4460
1193	5137
1194	3320
1195	5179
1196	1864
1197	661
1198	726
1199	1594
1200	4215
1201	246
1202	566
1203	582
1204	560
1205	545
1206	1886
1207	371
1208	571
1209	573
1210	576
1211	2857
1212	425
1213	1823
1214	374
1215	3352
1216	525
1217	526
1218	1071
1219	2761
1220	3306
1221	2077
1222	2995
1223	1332
1224	1334
1225	2968
1226	1102
1227	403
1228	1170
1229	503
1230	3371
1231	1356
1232	522
1233	3723
1234	561
1235	565
1236	783
1237	1046
1238	516
1239	2234
1240	3531
1241	3460
1242	2516
1243	3404
1244	2549
1245	2962
1246	1563
1247	2971
1248	1917
1249	3696
1250	1346
1251	1503
1252	2898
1253	581
1254	1968
1255	665
1256	678
1257	676
1258	682
1259	691
1260	663
1261	546
1262	2212
1263	580
1264	579
1265	578
1266	396
1267	3491
1268	3214
1269	2664
1270	944
1271	2941
1272	2700
1273	695
1274	603
1275	490
1276	1457
1277	478
1278	1705
1279	669
1280	1986
1281	1060
1282	557
1283	2589
1284	1637
1285	677
1286	679
1287	1023
1288	981
1289	2475
1290	1471
1291	712
1292	705
1293	708
1294	994
1295	2852
1296	662
1297	2035
1298	690
1299	688
1300	610
1301	1014
1302	864
1303	1660
1304	1546
1305	809
1306	1793
1307	829
1308	1549
1309	3658
1310	953
1311	1390
1312	1009
1313	1618
1314	2801
1315	2135
1316	3296
1317	3476
1318	1611
1319	4106
1320	1653
1321	942
1322	1403
1323	586
1324	2337
1325	2041
1326	1728
1327	1576
1328	817
1329	5216
1330	1652
1331	1433
1332	1135
1333	1867
1334	1788
1335	1789
1336	2152
1337	2017
1338	562
1339	1201
1340	4630
1341	3614
1342	5186
1343	421
1344	4566
1345	5183
1346	3406
1347	1794
1348	556
1349	2263
1350	552
1351	2427
1352	2645
1353	1735
1354	614
1355	604
1356	602
1357	480
1358	567
1359	1269
1360	2283
1361	1593
1362	2911
1363	3024
1364	2089
1365	1153
1366	599
1367	826
1368	540
1369	1951
1370	986
1371	2211
1372	1819
1373	532
1374	1136
1375	2113
1376	3718
1377	2206
1378	805
1379	2202
1380	3203
1381	723
1382	3054
1383	3064
1384	597
1385	1959
1386	3777
1387	3536
1388	886
1389	885
1390	1829
1391	541
1392	2891
1393	3047
1394	2329
1395	2164
1396	853
1397	696
1398	2978
1399	1971
1400	2045
1401	3474
1402	689
1403	738
1404	3051
1405	1691
1406	1372
1407	1295
1408	1860
1409	1810
1410	3512
1411	3946
1412	4266
1413	3953
1414	3797
1415	2221
1416	4440
1417	1733
1418	748
1419	2956
1420	789
1421	2388
1422	23422
1423	2387
1424	2389
1425	23342
1426	20321
1427	20886
1428	27543
1429	8204
1430	16481
1431	703
1432	702
1433	989
1434	990
1435	2255
1436	1343
1437	1479
1438	1478
1439	1051
1440	741
1441	2324
1442	2232
1443	1772
1444	7192
1445	2318
1446	2311
1447	2665
1448	742
1449	157
1450	1572
1451	1409
1452	1411
1453	1366
1454	1525
1455	798
1456	970
1457	6403
1458	2309
1459	4014
1460	4187
1461	3708
1462	6438
1463	3181
1464	3684
1465	5927
1466	4077
1467	2692
1468	1375
1469	3770
1470	4181
1471	939
1472	6338
1473	4962
1474	5517
1475	934
1476	804
1477	5525
1478	7741
1479	4286
1480	3598
1481	758
1482	790
1483	785
1484	786
1485	788
1486	5309
1487	2328
1488	782
1489	4040
1490	2196
1491	3391
1492	3613
1493	935
1494	3836
1495	1158
1496	4135
1497	842
1498	839
1499	2178
1500	3439
1501	3438
1502	1180
1503	1679
1504	9836
1505	9835
1506	2365
1507	1454
1508	5855
1509	1165
1510	3165
1511	4943
1512	6328
1513	2188
1514	1142
1515	946
1516	701
1517	855
1518	851
1519	852
1520	2014
1521	1670
1522	3642
1523	1883
1524	1467
1525	936
1526	795
1527	1031
1528	1032
1529	937
1530	5850
1531	2240
1532	5506
1533	1284
1534	1123
1535	3416
1536	3703
1537	5299
1538	1197
1539	3195
1540	882
1541	1542
1542	598
1543	1206
1544	1207
1545	910
1546	4835
1547	1047
1548	903
1549	1422
1550	5097
1551	1458
1552	1483
1553	5098
1554	1148
1555	1291
1556	907
1557	5100
1558	5101
1559	1486
1560	1485
1561	5112
1562	1303
1563	856
1564	1412
1565	3442
1566	6090
1567	6343
1568	8353
1569	4677
1570	5242
1571	3236
1572	1490
1573	1491
1574	6834
1575	6786
1576	2134
1577	1603
1578	1628
1579	362
1580	1092
1581	2331
1582	2158
1583	1956
1584	2160
1585	1965
1586	2159
1587	1969
1588	1966
1589	1967
1590	1946
1591	2162
1592	2156
1593	2163
1594	1970
1595	2155
1596	1672
1597	1958
1598	773
1599	1367
1600	1583
1601	2896
1602	1584
1603	1368
1604	1382
1605	3025
1606	2572
1607	1328
1608	3748
1609	2981
1610	1827
1611	1560
1612	6785
1613	8412
1614	7606
1615	7293
1616	6625
1617	6927
1618	8199
1619	8146
1620	2637
1621	6224
1622	8258
1623	4328
1624	6132
1625	8365
1626	6219
1627	5599
1628	8207
1629	962
1630	5208
1631	2413
1632	2843
1633	1636
1634	1339
1635	1774
1636	881
1637	2649
1638	880
1639	2012
1640	7227
1641	1642
1642	1778
1643	1779
1644	1780
1645	1435
1646	7380
1647	3385
1648	2151
1649	7001
1650	1017
1651	1020
1652	1019
1653	1015
1654	1024
1655	1016
1656	1022
1657	1408
1658	1420
1659	1275
1660	1688
1661	693
1662	845
1663	1048
1664	6254
1665	5038
1666	803
1667	802
1668	922
1669	923
1670	879
1671	813
1672	807
1673	932
1674	770
1675	698
1676	815
1677	1184
1678	697
1679	595
1680	995
1681	5314
1682	1379
1683	769
1684	7406
1685	3592
1686	7053
1687	3034
1688	7396
1689	3742
1690	7565
1691	6877
1692	7081
1693	5044
1694	6153
1695	5469
1696	5296
1697	6389
1698	6384
1699	4473
1700	6970
1701	4801
1702	3570
1703	6000
1704	1529
1705	2922
1706	5752
1707	711
1708	1202
1709	1086
1710	1509
1711	3522
1712	2945
1713	1453
1714	1866
1715	915
1716	3517
1717	713
1718	2501
1719	2849
1720	2999
1721	2280
1722	3841
1723	751
1724	6884
1725	1105
1726	1081
1727	1082
1728	727
1729	728
1730	794
1731	1155
1732	947
1733	1085
1734	707
1735	706
1736	1434
1737	824
1738	877
1739	848
1740	890
1741	997
1742	1147
1743	999
1744	2006
1745	1739
1746	1183
1747	1319
1748	1129
1749	6722
1750	1253
1751	1247
1752	1414
1753	1053
1754	1258
1755	1279
1756	729
1757	961
1758	969
1759	827
1760	1587
1761	876
1762	1208
1763	6695
1764	8721
1765	4180
1766	1137
1767	607
1768	7243
1769	1196
1770	3481
1771	2559
1772	906
1773	914
1774	971
1775	991
1776	4643
1777	5115
1778	1462
1779	5146
1780	2677
1781	4229
1782	779
1783	1463
1784	1325
1785	1337
1786	681
1787	4210
1788	3520
1789	1143
1790	6477
1791	4332
1792	7066
1793	1607
1794	898
1795	4018
1796	3233
1797	733
1798	956
1799	4957
1800	5336
1801	7469
1802	4065
1803	849
1804	791
1805	792
1806	797
1807	796
1808	8691
1809	1003
1810	828
1811	1473
1812	7652
1813	3710
1814	7492
1815	4846
1816	8270
1817	7145
1818	5713
1819	7974
1820	5204
1821	6904
1822	5765
1823	498
1824	8591
1825	1120
1826	754
1827	2850
1828	844
1829	1111
1830	1205
1831	838
1832	6387
1833	683
1834	1131
1835	1150
1836	2407
1837	2406
1838	1727
1839	1791
1840	1730
1841	1641
1842	1640
1843	1936
1844	1719
1845	1723
1846	9399
1847	3000
1848	6425
1849	1192
1850	6159
1851	8047
1852	2817
1853	6245
1854	3163
1855	3425
1856	6604
1857	1538
1858	3275
1859	1634
1860	1058
1861	1638
1862	1639
1863	1059
1864	1121
1865	1122
1866	1643
1867	1644
1868	2254
1869	1505
1870	1923
1871	1117
1872	1573
1873	2574
1874	2827
1875	3082
1876	1195
1877	2847
1878	893
1879	1359
1880	980
1881	1004
1882	1981
1883	6968
1884	5095
1885	6368
1886	1964
1887	1806
1888	5049
1889	1181
1890	1369
1891	2918
1892	2929
1893	3241
1894	1954
1895	3207
1896	2545
1897	3256
1898	692
1899	988
1900	814
1901	593
1902	1073
1903	1063
1904	1072
1905	1074
1906	4836
1907	984
1908	1464
1909	1465
1910	2330
1911	5429
1912	1257
1913	6515
1914	7110
1915	6882
1916	5621
1917	1597
1918	5377
1919	5703
1920	724
1921	1437
1922	7410
1923	5600
1924	1507
1925	4804
1926	1244
1927	2344
1928	1558
1929	1559
1930	2883
1931	3423
1932	3501
1933	2841
1934	3083
1935	1992
1936	3506
1937	1575
1938	1856
1939	2004
1940	1018
1941	2794
1942	1203
1943	4171
1944	743
1945	2185
1946	609
1947	959
1948	1497
1949	1271
1950	1301
1951	1470
1952	1250
1953	835
1954	2915
1955	2058
1956	5663
1957	1306
1958	1392
1959	1200
1960	1732
1961	1837
1962	1034
1963	1910
1964	1113
1965	2104
1966	1349
1967	2825
1968	1391
1969	1786
1970	1347
1971	2890
1972	1327
1973	1953
1974	1741
1975	2876
1976	1834
1977	2473
1978	1742
1979	1842
1980	831
1981	3172
1982	3309
1983	2639
1984	3036
1985	2165
1986	3030
1987	2054
1988	2110
1989	1220
1990	1493
1991	1233
1992	3295
1993	2943
1994	1977
1995	3188
1996	2112
1997	1194
1998	2647
1999	977
2000	1007
2001	822
2002	739
2003	810
2004	811
2005	1477
2006	4331
2007	2051
2008	4298
2009	1899
2010	6192
2011	1186
2012	1647
2013	1187
2014	1649
2015	1885
2016	4335
2017	4282
2018	4064
2019	3004
2020	2044
2021	2492
2022	850
2023	772
2024	825
2025	763
2026	895
2027	6842
2028	1696
2029	5857
2030	1226
2031	1067
2032	1868
2033	771
2034	1667
2035	1671
2036	1209
2037	1673
2038	1674
2039	1675
2040	1676
2041	1901
2042	5298
2043	4689
2044	5303
2045	840
2046	749
2047	752
2048	753
2049	750
2050	755
2051	761
2052	668
2053	987
2054	1049
2055	6922
2056	1782
2057	1770
2058	767
2059	2823
2060	2393
2061	3449
2062	2253
2063	3399
2064	1149
2065	4245
2066	1242
2067	2273
2068	4097
2069	1423
2070	1267
2071	1278
2072	3050
2073	4491
2074	4490
2075	4489
2076	1499
2077	1188
2078	1216
2079	1215
2080	3043
2081	1302
2082	1230
2083	2026
2084	1106
2085	775
2086	1419
2087	1421
2088	993
2089	1384
2090	1394
2091	1406
2092	1371
2093	972
2094	1404
2095	2756
2096	1266
2097	1174
2098	7048
2099	6984
2100	1424
2101	1922
2102	1921
2103	1157
2104	1251
2105	1252
2106	992
2107	1006
2108	1008
2109	801
2110	1321
2111	1080
2112	2173
2113	2445
2114	2279
2115	1767
2116	3769
2117	2333
2118	4252
2119	3743
2120	2107
2121	1557
2122	3789
2123	1141
2124	1273
2125	941
2126	1238
2127	957
2128	1693
2129	1695
2130	764
2131	6938
2132	1562
2133	1021
2134	1026
2135	1027
2136	1025
2137	1030
2138	1029
2139	1037
2140	1038
2141	1039
2142	1041
2143	1101
2144	1043
2145	1050
2146	1103
2147	1052
2148	1104
2149	1055
2150	1057
2151	1062
2152	1107
2153	1061
2154	1108
2155	1064
2156	1109
2157	1066
2158	1110
2159	1068
2160	1112
2161	1069
2162	1114
2163	1116
2164	1076
2165	1078
2166	1079
2167	1056
2168	1084
2169	1119
2170	1087
2171	1088
2172	1089
2173	1090
2174	1091
2175	1838
2176	954
2177	955
2178	1239
2179	1240
2180	1241
2181	1243
2182	1245
2183	1246
2184	1248
2185	1255
2186	1537
2187	2075
2188	1610
2189	1547
2190	1260
2191	1263
2192	7308
2193	6924
2194	2180
2195	863
2196	1498
2197	1005
2198	982
2199	6821
2200	2098
2201	1236
2202	1519
2203	1504
2204	2181
2205	1526
2206	1492
2207	1287
2208	1280
2209	1792
2210	1720
2211	899
2212	1795
2213	1169
2214	1796
2215	1797
2216	1798
2217	6504
2218	7661
2219	4690
2220	6036
2221	7765
2222	8236
2223	3453
2224	3786
2225	5322
2226	5271
2227	5339
2228	8378
2229	5024
2230	2322
2231	5999
2232	7944
2233	2555
2234	3235
2235	3959
2236	5806
2237	7391
2238	2278
2239	3344
2240	4857
2241	5285
2242	6772
2243	7840
2244	5721
2245	6627
2246	4008
2247	6484
2248	4803
2249	2415
2250	5045
2251	3681
2252	4883
2253	7577
2254	2469
2255	5896
2256	3523
2257	7770
2258	5411
2259	5170
2260	7941
2261	8477
2262	7653
2263	3810
2264	8016
2265	7095
2266	5456
2267	8287
2268	6436
2269	7833
2270	4009
2271	8255
2272	8366
2273	5880
2274	6449
2275	4776
2276	6812
2277	2819
2278	4356
2279	4866
2280	5329
2281	7812
2282	2799
2283	5537
2284	6094
2285	8380
2286	3980
2287	6074
2288	4336
2289	3070
2290	6715
2291	7180
2292	6961
2293	3138
2294	7464
2295	5894
2296	8318
2297	3149
2298	5389
2299	7523
2300	3046
2301	5837
2302	5887
2303	6073
2304	8107
2305	5291
2306	7137
2307	5383
2308	3020
2309	4646
2310	4595
2311	5986
2312	5279
2313	7624
2314	3908
2315	2674
2316	7475
2317	8474
2318	8417
2319	4662
2320	8254
2321	3691
2322	6667
2323	5659
2324	6248
2325	3073
2326	5755
2327	4249
2328	6679
2329	8049
2330	8013
2331	5738
2332	2982
2333	8197
2334	6663
2335	4822
2336	4033
2337	8209
2338	4502
2339	5804
2340	5870
2341	7299
2342	5722
2343	6322
2344	7028
2345	3420
2346	3547
2347	8152
2348	7718
2349	3285
2350	4942
2351	4581
2352	4536
2353	3470
2354	3989
2355	6019
2356	3553
2357	7905
2358	4364
2359	7704
2360	3785
2361	5678
2362	8216
2363	3697
2364	3185
2365	2882
2366	4518
2367	4712
2368	2543
2369	7051
2370	8035
2371	7551
2372	5542
2373	2740
2374	2659
2375	3333
2376	4101
2377	7417
2378	5951
2379	7804
2380	2877
2381	7909
2382	6237
2383	5188
2384	6586
2385	5062
2386	6545
2387	3878
2388	3727
2389	7195
2390	2793
2391	3197
2392	4415
2393	7666
2394	8233
2395	7340
2396	7298
2397	5482
2398	4840
2399	3566
2400	4765
2401	6642
2402	7407
2403	4214
2404	5347
2405	4126
2406	5618
2407	2372
2408	6616
2409	3134
2410	7501
2411	7219
2412	7643
2413	6463
2414	5611
2415	8025
2416	3136
2417	7896
2418	7942
2419	2797
2420	5789
2421	7489
2422	6956
2423	8036
2424	7563
2425	3694
2426	5974
2427	5737
2428	6367
2429	5007
2430	8332
2431	6086
2432	3562
2433	6852
2434	4856
2435	4620
2436	8126
2437	6215
2438	6733
2439	7776
2440	5591
2441	4601
2442	5682
2443	3075
2444	3484
2445	7163
2446	4376
2447	5205
2448	7041
2449	7485
2450	8471
2451	4834
2452	1459
2453	1452
2454	1446
2455	1461
2456	1451
2457	5467
2458	1565
2459	1290
2460	2183
2461	5761
2462	6033
2463	2932
2464	7248
2465	4572
2466	7239
2467	3698
2468	1130
2469	6247
2470	4300
2471	735
2472	734
2473	1177
2474	1811
2475	816
2476	2624
2477	1396
2478	897
2479	1578
2480	1579
2481	1580
2482	1612
2483	1903
2484	680
2485	1564
2486	8652
2487	1317
2488	925
2489	1218
2490	1555
2491	1569
2492	1360
2493	737
2494	1364
2495	1613
2496	5948
2497	1582
2498	732
2499	8125
2500	4599
2501	2750
2502	1472
2503	1481
2504	1468
2505	832
2506	1523
2507	3947
2508	1474
2509	1469
2510	1482
2511	1099
2512	1466
2513	888
2514	6475
2515	2167
2516	3935
2517	1521
2518	1530
2519	2157
2520	1567
2521	1264
2522	1268
2523	1249
2524	1274
2525	1237
2526	1548
2527	865
2528	1001
2529	1013
2530	1011
2531	7783
2532	871
2533	8420
2534	1999
2535	1751
2536	780
2537	2942
2538	2913
2539	3023
2540	2993
2541	3018
2542	2090
2543	2091
2544	3314
2545	3105
2546	3067
2547	766
2548	1784
2549	1781
2550	1787
2551	1124
2552	1159
2553	1127
2554	806
2555	1857
2556	1311
2557	1324
2558	778
2559	6863
2560	10102
2561	6043
2562	9197
2563	6572
2564	6259
2565	8440
2566	7696
2567	7585
2568	4959
2569	3872
2570	2369
2571	6177
2572	3454
2573	2531
2574	9091
2575	1094
2576	1865
2577	2317
2578	4145
2579	4507
2580	3873
2581	4112
2582	823
2583	2303
2584	1908
2585	1940
2586	911
2587	2411
2588	1645
2589	1646
2590	2011
2591	3086
2592	2494
2593	1748
2594	1974
2595	1853
2596	924
2597	3182
2598	1417
2599	1163
2600	3869
2601	2472
2602	2940
2603	4666
2604	2569
2605	2043
2606	1875
2607	3542
2608	2895
2609	3372
2610	3593
2611	4243
2612	3564
2613	1418
2614	2853
2615	2614
2616	2603
2617	1318
2618	4083
2619	3762
2620	3300
2621	3058
2622	1932
2623	861
2624	2642
2625	3995
2626	1540
2627	1888
2628	4133
2629	3103
2630	1764
2631	2192
2632	2583
2633	3139
2634	2887
2635	1168
2636	1852
2637	1340
2638	1800
2639	2729
2640	2657
2641	1383
2642	1831
2643	3495
2644	933
2645	891
2646	2137
2647	2124
2648	2339
2649	3541
2650	2177
2651	2570
2652	3091
2653	1808
2654	2425
2655	1154
2656	3187
2657	2970
2658	2373
2659	2593
2660	3155
2661	4176
2662	1501
2663	4050
2664	721
2665	808
2666	2061
2667	3650
2668	3068
2669	3072
2670	1654
2671	2701
2672	4419
2673	2435
2674	3700
2675	2239
2676	2842
2677	1726
2678	2564
2679	4281
2680	3431
2681	2264
2682	1758
2683	1512
2684	940
2685	2607
2686	1227
2687	1320
2688	2247
2689	2798
2690	3177
2691	1231
2692	2256
2693	2363
2694	1167
2695	945
2696	1173
2697	4038
2698	667
2699	2245
2700	872
2701	6200
2702	4758
2703	3895
2704	2450
2705	1425
2706	4500
2707	10574
2708	2514
2709	9186
2710	1631
2711	5177
2712	3469
2713	3448
2714	6768
2715	1438
2716	5612
2717	4341
2718	1816
2719	9304
2720	8288
2721	958
2722	4678
2723	6949
2724	1133
2725	11205
2726	5899
2727	9831
2728	13225
2729	10635
2730	1410
2731	2688
2732	1198
2733	2312
2734	3288
2735	2347
2736	1217
2737	6926
2738	7348
2739	10299
2740	529
2741	7342
2742	9390
2743	6937
2744	4934
2745	8783
2746	5653
2747	7504
2748	10037
2749	6845
2750	867
2751	10048
2752	8040
2753	1835
2754	1836
2755	9411
2756	6789
2757	1426
2758	5793
2759	10120
2760	8213
2761	10599
2762	11410
2763	5969
2764	1665
2765	5968
2766	9389
2767	8551
2768	11837
2769	7367
2770	6388
2771	9512
2772	11036
2773	2382
2774	862
2775	4633
2776	2950
2777	2835
2778	1162
2779	12060
2780	718
2781	4258
2782	1232
2783	1415
2784	7858
2785	12049
2786	9953
2787	4256
2788	3114
2789	12064
2790	4218
2791	7851
2792	9508
2793	4089
2794	8870
2795	4090
2796	8871
2797	1376
2798	9344
2799	5543
2800	7384
2801	1286
2802	12024
2803	5344
2804	1377
2805	5114
2806	4002
2807	5261
2808	781
2809	725
2810	5433
2811	774
2812	777
2813	1717
2814	7322
2815	4076
2816	902
2817	11161
2818	6272
2819	1682
2820	3717
2821	8904
2822	9069
2823	846
2824	8900
2825	6180
2826	7879
2827	6418
2828	6158
2829	7835
2830	917
2831	6284
2832	6312
2833	10182
2834	11346
2835	11343
2836	5883
2837	10658
2838	874
2839	12159
2840	6718
2841	7503
2842	3887
2843	765
2844	4398
2845	4555
2846	4901
2847	12059
2848	6774
2849	2096
2850	2987
2851	3992
2852	3925
2853	3918
2854	5405
2855	9484
2856	7285
2857	9736
2858	8491
2859	9535
2860	7777
2861	9941
2862	4587
2863	10672
2864	10673
2865	6280
2866	4514
2867	5552
2868	3850
2869	8135
2870	10356
2871	7930
2872	6750
2873	3049
2874	8600
2875	5527
2876	9453
2877	9854
2878	9017
2879	4704
2880	7188
2881	8241
2882	5111
2883	6398
2884	6633
2885	3201
2886	5545
2887	7097
2888	7932
2889	10379
2890	776
2891	5888
2892	4760
2893	7641
2894	9967
2895	8124
2896	7032
2897	7629
2898	9958
2899	5182
2900	9984
2901	12085
2902	10055
2903	5922
2904	6608
2905	7948
2906	7176
2907	10714
2908	3629
2909	12456
2910	12450
2911	4269
2912	10787
2913	15940
2914	17080
2915	13454
2916	8105
2917	4688
2918	3514
2919	2121
2920	5574
2921	14782
2922	9605
2923	14319
2924	13364
2925	16287
2926	9776
2927	4463
2928	9080
2929	23628
2930	18470
2931	22778
2932	10159
2933	22368
2934	12165
2935	15499
2936	11359
2937	12341
2938	18599
2939	2200
2940	14579
2941	4609
2942	1428
2943	1975
2944	3812
2945	900
2946	1920
2947	1002
2948	15428
2949	1614
2950	9511
2951	9758
2952	9650
2953	17086
2954	671
2955	978
2956	24204
2957	8982
2958	4011
2959	2973
2960	1869
2961	1535
2962	3602
2963	1568
2964	1930
2965	1313
2966	3090
2967	8658
2968	3625
2969	1401
2970	1388
2971	3884
2972	3689
2973	1995
2974	3167
2975	3749
2976	3492
2977	3045
2978	1036
2979	1963
2980	2902
2981	964
2982	1907
2983	1134
2984	2579
2985	2562
2986	2867
2987	29048
2988	24397
2989	27759
2990	22766
2991	870
2992	7433
2993	2080
2994	2069
2995	2919
2996	2046
2997	2118
2998	2917
2999	2933
3000	2115
3001	2726
3002	1095
3003	1296
3004	1909
3005	1905
3006	33262
3007	33261
3008	33260
3009	33259
3010	33258
3011	908
3012	3981
3013	4020
3014	9337
3015	4375
3016	1161
3017	2526
3018	3341
3019	2067
3020	868
3021	2009
3022	2148
3023	883
3024	2154
3025	1365
3026	1407
3027	8751
3028	1937
3029	4876
3030	1833
3031	1380
3032	1292
3033	5895
3034	10432
3035	1322
3036	1399
3037	11153
3038	1312
3039	1488
3040	1487
3041	1489
3042	1543
3043	1556
3044	1270
3045	1684
3046	1541
3047	1447
3048	10902
3049	1012
3050	1536
3051	1591
3052	11339
3053	11575
3054	7963
3055	3146
3056	6494
3057	1166
3058	1171
3059	1374
3060	11563
3061	7100
3062	854
3063	9562
3064	11510
3065	11869
3066	4170
3067	1439
3068	9546
3069	1272
3070	1212
3071	4426
3072	1370
3073	11299
3074	1775
3075	4600
3076	8745
3077	1357
3078	6710
3079	1362
3080	1386
3081	2395
3082	1432
3083	4795
3084	830
3085	818
3086	1151
3087	11341
3088	1387
3089	2285
3090	8785
3091	12003
3092	5674
3093	11430
3094	11322
3095	11887
3096	4413
3097	1385
3098	1397
3099	3487
3100	3489
3101	7320
3102	6505
3103	6217
3104	2094
3105	5662
3106	3751
3107	3518
3108	820
3109	8083
3110	7399
3111	4131
3112	8170
3113	6534
3114	3002
3115	3148
3116	9078
3117	4816
3118	3190
3119	2306
3120	8267
3121	8265
3122	6361
3123	7025
3124	2532
3125	3792
3126	3127
3127	5771
3128	5847
3129	2114
3130	3242
3131	7054
3132	3264
3133	7064
3134	6076
3135	8251
3136	3670
3137	3305
3138	6711
3139	6531
3140	2039
3141	3009
3142	2214
3143	3193
3144	3283
3145	7445
3146	5686
3147	6067
3148	3990
3149	5167
3150	5589
3151	4933
3152	8029
3153	3222
3154	4379
3155	6236
3156	2288
3157	6279
3158	3767
3159	2690
3160	8128
3161	4521
3162	5539
3163	1228
3164	7161
3165	1028
3166	5696
3167	4386
3168	1314
3169	8061
3170	5977
3171	747
3172	7656
3173	5720
3174	2385
3175	3164
3176	4685
3177	1988
3178	1191
3179	3627
3180	3464
3181	2772
3182	5671
3183	2606
3184	2452
3185	3483
3186	5259
3187	2804
3188	1683
3189	5785
3190	5651
3191	4665
3192	6285
3193	5039
3194	2926
3195	2996
3196	6405
3197	5009
3198	5005
3199	6746
3200	1539
3201	4123
3202	1692
3203	6269
3204	1189
3205	2412
3206	951
3207	15629
3208	4388
3209	6880
3210	8360
3211	6817
3212	3634
3213	4321
3214	6391
3215	3856
3216	3123
3217	3673
3218	4619
3219	5965
3220	4280
3221	5138
3222	3503
3223	5917
3224	3695
3225	2308
3226	5349
3227	4573
3228	5488
3229	1193
3230	5620
3231	5629
3232	2030
3233	5048
3234	3930
3235	3604
3236	4778
3237	4516
3238	6446
3239	6397
3240	6373
3241	3519
3242	3291
3243	5596
3244	4013
3245	6376
3246	938
3247	2974
3248	2783
3249	5691
3250	2042
3251	4233
3252	4075
3253	2861
3254	2066
3255	2584
3256	5278
3257	1307
3258	1224
3259	4950
3260	1632
3261	5036
3262	5361
3263	5484
3264	1333
3265	3646
3266	3466
3267	5446
3268	4695
3269	4523
3270	744
3271	1984
3272	1985
3273	1755
3274	3815
3275	3816
3276	3076
3277	3130
3278	1596
3279	1566
3280	1160
3281	1832
3282	3374
3283	1097
3284	1083
3285	2310
3286	3426
3287	3427
3288	5376
3289	960
3290	3216
3291	3783
3292	3353
3293	4818
3294	2493
3295	5265
3296	6065
3297	2481
3298	7027
3299	2488
3300	7079
3301	8524
3302	5465
3303	5784
3304	4841
3305	6134
3306	5845
3307	1000
3308	1310
3309	5266
3310	3801
3311	4017
3312	2465
3313	5851
3314	2715
3315	5085
3316	2718
3317	1847
3318	3370
3319	1297
3320	4579
3321	4709
3322	4699
3323	2575
3324	5817
3325	1288
3326	2975
3327	4253
3328	968
3329	5854
3330	10520
3331	9706
3332	5301
3333	2805
3334	3415
3335	8682
3336	1581
3337	967
3338	2404
3339	2547
3340	1817
3341	2123
3342	6143
3343	4560
3344	2635
3345	2390
3346	5679
3347	1803
3348	3952
3349	1703
3350	9338
3351	4610
3352	3108
3353	2038
3354	4124
3355	860
3356	834
3357	10753
3358	5480
3359	10040
3360	8676
3361	7546
3362	8451
3363	6152
3364	2198
3365	3065
3366	6739
3367	9188
3368	2343
3369	5939
3370	6013
3371	1213
3372	7118
3373	6879
3374	6702
3375	1855
3376	1316
3377	5321
3378	10648
3379	1283
3380	841
3381	7114
3382	1527
3383	3433
3384	7885
3385	9084
3386	4947
3387	4226
3388	4344
3389	1994
3390	7875
3391	10103
3392	5647
3393	7148
3394	873
3395	2153
3396	1338
3397	2219
3398	2217
3399	3951
3400	4525
3401	2443
3402	1577
3403	6332
3404	5655
3405	4673
3406	1600
3407	7477
3408	2125
3409	8771
3410	6292
3411	2687
3412	8139
3413	2457
3414	1138
3415	1734
3416	1440
3417	6809
3418	3915
3419	7257
3420	4594
3421	6848
3422	5091
3423	1686
3424	3731
3425	2585
3426	6440
3427	1839
3428	5551
3429	5595
3430	3317
3431	7574
3432	5452
3433	4815
3434	2458
3435	2208
3436	6595
3437	2617
3438	8902
3439	3568
3440	4575
3441	6909
3442	6315
3443	8478
3444	11569
3445	11715
3446	8261
3447	8864
3448	9751
3449	6109
3450	2133
3451	9140
3452	12274
3453	13840
3454	4196
3455	3528
3456	4687
3457	4930
3458	5782
3459	3405
3460	3008
3461	3929
3462	2587
3463	2881
3464	1714
3465	1132
3466	3229
3467	3133
3468	2498
3469	921
3470	3524
3471	1872
3472	2074
3473	3382
3474	4137
3475	4927
3476	1991
3477	3793
3478	3240
3479	2223
3480	4190
3481	4242
3482	3180
3483	2182
3484	2652
3485	2737
3486	1889
3487	2354
3488	1771
3489	2139
3490	1571
3491	2057
3492	5464
3493	3418
3494	1146
3495	2031
3496	4475
3497	1979
3498	2001
3499	2000
3500	2003
3501	2008
3502	3269
3503	3383
3504	3152
3505	3033
3506	3289
3507	2040
3508	2087
3509	3376
3510	2678
3511	2350
3512	2055
3513	2341
3514	3215
3515	2685
3516	1824
3517	2989
3518	3294
3519	2757
3520	2146
3521	3384
3522	2640
3523	1939
3524	3348
3525	1402
3526	1738
3527	2175
3528	3318
3529	1826
3530	3355
3531	3316
3532	2028
3533	1858
3534	4503
3535	1524
3536	913
3537	1590
3538	2095
3539	5546
3540	5878
3541	6316
3542	4412
3543	9946
3544	8172
3545	6688
3546	7621
3547	6689
3548	4613
3549	7056
3550	9061
3551	8321
3552	5623
3553	8271
3554	5928
3555	9745
3556	9224
3557	9060
3558	3328
3559	1293
3560	6883
3561	6507
3562	2225
3563	2203
3564	2195
3565	1544
3566	1933
3567	4189
3568	10600
3569	8961
3570	5417
3571	7390
3572	7389
3573	6288
3574	1331
3575	1199
3576	2542
3577	4961
3578	2969
3579	5972
3580	5971
3581	2289
3582	2879
3583	2946
3584	2949
3585	2479
3586	2193
3587	1948
3588	2085
3589	3026
3590	2438
3591	3161
3592	3443
3593	1441
3594	2103
3595	1605
3596	2230
3597	1697
3598	2773
3599	1851
3600	3358
3601	2442
3602	3093
3603	3548
3604	4532
3605	3087
3606	4441
3607	1926
3608	1164
3609	1957
3610	3706
3611	1935
3612	1304
3613	2954
3614	1815
3615	1818
3616	4540
3617	4325
3618	4161
3619	2274
3620	4373
3621	3774
3622	5001
3623	2099
3624	2709
3625	4228
3626	3900
3627	3852
3628	1144
3629	18950
3630	14202
3631	6362
3632	5825
3633	5852
3634	5859
3635	5873
3636	1943
3637	1850
3638	4829
3639	6185
3640	4996
3641	3006
3642	1743
3643	1480
3644	3441
3645	3412
3646	8300
3647	1550
3648	1289
3649	1336
3650	1602
3651	1599
3652	1598
3653	1622
3654	1777
3655	3823
3656	3429
3657	1513
3658	1093
3659	1145
3660	1125
3661	1156
3662	1172
3663	1175
3664	1495
3665	1687
3666	1185
3667	2401
3668	1813
3669	11586
3670	1655
3671	821
3672	1522
3673	11324
3674	1874
3675	6798
3676	8709
3677	9238
3678	1846
3679	2837
3680	1484
3681	6980
3682	3573
3683	5645
3684	1355
3685	1431
3686	1436
3687	3790
3688	1140
3689	1716
3690	11434
3691	7837
3692	4107
3693	8466
3694	8780
3695	8816
3696	875
3697	1805
3698	5364
3699	4912
3700	5365
3701	2207
3702	837
3703	2563
3704	2213
3705	13410
3706	8632
3707	2748
3708	2889
3709	1762
3710	1761
3711	2735
3712	4725
3713	4614
3714	3612
3715	5306
3716	6873
3717	3204
3718	6673
3719	7277
3720	13668
3721	12194
3722	3778
3723	13695
3724	8470
3725	13694
3726	9401
3727	896
3728	836
3729	3005
3730	976
3731	3071
3732	3649
3733	2495
3734	1871
3735	1783
3736	2342
3737	2220
3738	2927
3739	2517
3740	1947
3741	2400
3742	3533
3743	4914
3744	9014
3745	9541
3746	1342
3747	1680
3748	4830
3749	1983
3750	7920
3751	6327
3752	1429
3753	1912
3754	7737
3755	7685
3756	8034
3757	6467
3758	6442
3759	1456
3760	1416
3761	1354
3762	2246
3763	2111
3764	5396
3765	5902
3766	1531
3767	719
3768	1669
3769	3606
3770	6054
3771	2651
3772	3809
3773	3450
3774	4139
3775	3267
3776	5353
3777	5247
3778	3255
3779	3387
3780	3217
3781	3362
3782	6330
3783	4172
3784	2870
3785	2290
3786	4026
3787	2497
3788	2447
3789	847
3790	1894
3791	1502
3792	4527
3793	4984
3794	4722
3795	1820
3796	3709
3797	2952
3798	3668
3799	833
3800	2426
3801	1962
3802	2944
3803	4383
3804	3262
3805	2884
3806	14488
3807	10230
3808	12192
3809	3386
3810	1706
3811	2128
3812	2047
3813	1898
3814	3364
3815	2050
3816	1876
3817	1861
3818	3143
3819	3472
3820	1765
3821	3608
3822	1624
3823	2638
3824	3349
3825	1750
3826	11642
3827	5936
3828	8954
3829	9417
3830	2463
3831	3858
3832	2888
3833	2348
3834	2548
3835	5046
3836	8328
3837	8330
3838	8031
3839	10306
3840	9375
3841	3153
3842	2513
3843	12983
3844	4464
3845	3280
3846	4057
3847	3125
3848	1035
3849	2168
3850	2394
3851	2588
3852	5742
3853	3960
3854	2724
3855	3053
3856	5319
3857	3069
3858	3516
3859	3515
3860	3513
3861	1662
3862	3677
3863	5756
3864	5759
3865	3607
3866	4564
3867	6731
3868	4509
3869	2722
3870	4455
3871	5477
3872	3776
3873	4596
3874	3825
3875	5988
3876	5567
3877	4994
3878	1900
3879	4889
3880	1854
3881	2523
3882	2252
3883	1510
